(-2, -2, 2, -2, -2, 1, -1, -1) ,Ready
(2, 0, -6, 0, -2, 4, 2, -1) ,Ready
(-1, -2, -4, 0, -2, -2, -2, -3) ,Ready
(-2, -2, 3, -1, 0, -4, -1, -3) ,Ready
(1, 0, 0, -1, 2, -1, 0, 1) ,Ready
(2, -3, -3, -2, -4, 3, 0, -1) ,Ready
(-1, 0, -3, -1, 0, -2, -1, 0) ,Ready
(-2, -2, 1, -1, 0, -5, -3, -2) ,Ready
(-2, 0, 2, -1, 0, -4, -1, -1) ,Ready
(-1, 0, -3, -1, -1, 0, -3, -3) ,Ready
(-1, 0, -3, -1, 0, -1, 1, 0) ,Ready
(-3, -2, 2, -1, -1, -3, -1, 1) ,Ready
(-2, -2, 0, 0, -1, -3, -2, 1) ,Ready
(1, -1, -2, -1, -2, 3, 0, -2) ,Ready
(-1, 1, 0, -1, 1, -1, -1, -2) ,Ready
(-2, -2, 0, 0, -3, -2, 0, 0) ,Ready
(-1, 0, 0, -1, -3, -2, -1, -1) ,Ready
(0, -1, -2, -2, -3, 1, -2, -2) ,Ready
(-2, -1, 1, -1, -1, -2, -2, 0) ,Ready
(-3, -2, 1, -1, 0, -1, -1, -1) ,Ready
(0, -3, -2, -1, -1, -3, -2, -1) ,Ready
(-1, 2, -2, 0, 0, 3, -1, -1) ,Ready
(-3, 0, 0, 1, -3, -2, -2, -3) ,Ready
(-1, -1, -2, -1, 0, 0, 0, -1) ,Ready
(-1, -3, 1, -1, -1, -3, -1, -1) ,Ready
(0, -1, -1, -2, -2, 0, 0, -1) ,Ready
(-2, 0, -1, -1, 1, -3, -1, -1) ,Ready
(-2, -2, -1, -3, -3, -1, 0, -1) ,Ready
(0, 1, -2, -2, -3, 1, 1, -1) ,Ready
(-1, -1, -2, -1, 0, 0, -2, -1) ,Ready
(-1, 0, -2, -2, -1, -2, -1, -1) ,Ready
(-1, -2, -2, 0, -2, -1, -1, 0) ,Ready
(0, 0, -1, 0, -1, 0, -1, -1) ,Ready
(-1, -1, -2, -1, -2, 0, -1, 0) ,Ready
(0, 0, 1, -2, -1, -3, -2, -1) ,Ready
(-1, -1, -2, 0, -1, -1, 0, -1) ,Ready
(-1, -2, -1, 0, -1, -1, -1, 0) ,Ready
(-2, 0, -2, 0, 0, -1, -1, -1) ,Ready
(-1, -3, -1, -1, -1, -1, 1, 1) ,Ready
(-2, -2, 0, 0, -1, -2, -1, -1) ,Ready
(-1, 0, -3, -2, -1, -1, -1, -2) ,Ready
(-1, -1, -1, -1, -1, 1, -1, -1) ,Ready
(-1, -1, 0, 1, -1, -1, -1, -1) ,Ready
(0, 0, -2, -3, -1, 0, 0, 0) ,Ready
(-1, -2, -1, -1, -1, -1, 0, -1) ,Ready
(0, -1, 0, -3, -1, -2, -2, -1) ,Ready
(-1, 0, 0, 1, -1, 0, -2, -1) ,Ready
(-3, 0, 3, 2, 0, -4, -6, -2) ,Ready
(-1, -1, -2, -1, 1, -1, -2, -1) ,Ready
(1, -1, -3, -1, -2, 0, 1, 0) ,Ready
(-1, 0, -1, 0, -1, 0, 0, -1) ,Ready
(-1, 0, -1, -1, -1, -1, 0, -2) ,Ready
(-2, -2, 0, 0, -2, 0, -2, -3) ,Ready
(-2, -3, -3, -3, -2, -3, -1, -1) ,Ready
(-1, -1, -2, -1, -2, -2, -3, -1) ,Ready
(1, -2, -2, 1, -2, -1, 0, 0) ,Ready
(-1, 0, -1, -1, -3, -1, -1, -2) ,Ready
(0, 0, 0, 1, -2, -2, 0, -2) ,Ready
(-2, -1, -4, -2, 1, 1, 1, 1) ,Ready
(-1, 0, -1, -2, -1, -2, -3, -2) ,Ready
(1, -1, -2, -2, -1, -1, -1, 0) ,Ready
(-1, 0, -2, 1, -1, -1, -2, -1) ,Ready
(-1, -2, 1, -1, -2, -1, -1, 0) ,Ready
(-1, 0, -1, -1, 0, 0, -1, -2) ,Ready
(-4, -4, 0, 0, -2, -2, -2, -1) ,Ready
(-1, -1, 0, -2, 0, -1, 0, -1) ,Ready
(-2, -1, 1, -1, 0, -3, -2, -2) ,Ready
(0, -2, -1, -2, 0, 1, 0, -2) ,Ready
(-1, -1, -1, 1, -1, 0, 0, 0) ,Ready
(-1, -2, -2, -1, -2, -2, -2, -2) ,Ready
(-2, -2, 0, -1, -2, 0, -3, -1) ,Ready
(-2, -1, 0, 1, -2, -3, -3, 0) ,Ready
(0, -1, -4, -2, 1, 0, 0, 0) ,Ready
(0, -2, -1, -1, -1, 0, -1, -1) ,Ready
(-1, 0, -1, -1, -2, -2, 0, -2) ,Ready
(-1, 0, -3, 0, -2, -2, -1, -1) ,Ready
(1, -1, 0, -1, 1, -2, -2, -1) ,Ready
(-1, -1, -2, 0, -1, 1, 1, 1) ,Ready
(-2, -3, 0, -2, -2, -1, -2, -1) ,Ready
(-1, 0, -1, -3, -2, -2, -1, -1) ,Ready
(-2, -1, -1, 0, -1, -1, -1, -2) ,Ready
(-2, -1, 0, 0, -1, -1, -2, -3) ,Ready
(2, 0, 0, -2, -1, -2, -2, -1) ,Ready
(0, 0, -1, 0, -3, 1, -2, 0) ,Ready
(-1, 0, -1, -3, -2, -1, -2, -1) ,Ready
(-1, -1, -1, -1, 1, -2, -1, -2) ,Ready
(-1, 0, -2, -1, 2, 0, 1, 1) ,Ready
(-2, -2, 0, -1, -1, 0, -2, 0) ,Ready
(-1, 1, 0, -2, -2, -1, -3, -1) ,Ready
(-3, -1, -1, 0, -1, -1, -2, -1) ,Ready
(0, -2, -1, -2, -1, -3, -3, -2) ,Ready
(-1, -2, -1, 0, 1, -1, 0, -1) ,Ready
(0, -1, 0, -2, -2, -3, 0, -1) ,Ready
(-2, -2, -4, -2, 1, -1, -1, 0) ,Ready
(-1, -1, 0, -1, -1, 1, -1, -2) ,Ready
(-1, -2, -2, -2, -1, 0, -1, -1) ,Ready
(-1, 0, 0, -1, -2, 0, -2, 0) ,Ready
(0, 0, 0, -2, -2, -1, 0, -2) ,Ready
(-1, -3, -1, 0, -2, -3, 1, 0) ,Ready
(0, -2, 0, -1, -1, -1, 0, -1) ,Ready
(0, -1, -1, -2, -2, 0, -1, -2) ,Ready
(0, 0, -2, -1, -2, -3, -1, -1) ,Ready
(-2, -1, -2, 0, 1, -1, -2, 0) ,Ready
(-1, -1, 0, -1, -1, 0, 0, -2) ,Ready
(0, -1, 0, -1, 0, -1, -1, 0) ,Ready
(-1, -1, 0, -1, -1, 0, -1, 0) ,Ready
(-2, 0, 1, -1, -1, -2, -1, -2) ,Ready
(-2, -1, -1, -1, 0, 0, -1, 1) ,Ready
(-1, -1, -1, -2, 1, 1, 0, -2) ,Ready
(-1, -1, 0, -3, -2, -2, -1, -1) ,Ready
(0, 0, -2, -1, -1, -2, -3, 0) ,Ready
(0, -1, -2, -2, -3, -2, -2, 1) ,Ready
(0, -1, -2, 0, 0, 2, 0, 0) ,Ready
(-3, 0, -1, 0, -2, -1, -1, -1) ,Ready
(-1, 1, 2, 0, -1, -2, -1, -1) ,Ready
(-2, 0, 0, -2, 0, -1, -2, -2) ,Ready
(-1, -2, -2, -1, -2, -3, 1, 0) ,Ready
(0, 0, -2, -2, 0, -1, -2, 0) ,Ready
(-3, -1, -1, -2, -1, 1, 0, -1) ,Ready
(-1, -1, -1, 0, -1, 0, -2, -2) ,Ready
(1, 1, -1, -1, 0, -1, -1, -2) ,Ready
(-1, -3, -1, -1, -3, -3, -3, -2) ,Ready
(-1, -1, 0, -1, -1, -1, -1, -2) ,Ready
(-2, 0, 0, -2, -3, -2, 0, -2) ,Ready
(-1, -1, -1, -2, -2, 1, -1, -2) ,Ready
(-1, -1, -3, -2, -2, -1, -1, -1) ,Ready
(-1, 1, 1, -1, -1, -1, -2, 0) ,Ready
(0, -2, -1, 0, -2, -1, 0, 0) ,Ready
(0, -2, -1, 0, -1, -1, -3, 0) ,Ready
(1, -2, -1, -1, -2, -1, 0, 0) ,Ready
(-1, -2, -1, -2, 0, -4, -1, -3) ,Ready
(0, -2, 0, -2, -1, 0, -1, 0) ,Ready
(-2, -2, -1, 0, -3, -2, -1, -1) ,Ready
(0, -1, 0, -1, 0, -1, -1, 0) ,Ready
(-3, -2, -1, 0, -1, -1, -1, -1) ,Ready
(-2, -1, 0, -3, -1, -3, -4, -1) ,Ready
(0, 1, -2, -2, 0, 2, 1, -1) ,Ready
(-2, -1, -1, 0, 1, -2, -2, -2) ,Ready
(-1, 0, 1, 0, -3, 1, 0, 0) ,Ready
(-2, -1, -2, 1, 0, 1, -2, -2) ,Ready
(-1, -2, -1, -1, -1, -2, -1, -3) ,Ready
(-1, -3, -2, 1, 1, 0, 0, 0) ,Ready
(1, -2, 0, 0, 0, -2, 0, -2) ,Ready
(-1, -2, -1, 0, -2, -1, -2, -2) ,Ready
(-1, 1, 1, -2, 0, 0, -3, -1) ,Ready
(-2, -1, -1, -2, -1, 0, -1, 0) ,Ready
(-1, -2, 0, -1, -1, -2, -1, -1) ,Ready
(0, 0, -1, 0, -1, 1, 0, -1) ,Ready
(-1, -1, -3, -2, 0, -1, 0, 0) ,Ready
(-3, -1, 0, -2, -2, -1, -2, -1) ,Ready
(-1, 0, -2, -1, 0, -1, 0, -1) ,Ready
(-2, -1, 0, 0, -1, -3, -1, -3) ,Ready
(-1, -2, -2, -1, -2, 0, 1, -1) ,Ready
(1, -1, -2, -1, 0, 0, -2, -2) ,Ready
(-1, -2, -2, 1, 0, -1, -1, -2) ,Ready
(-1, 0, -2, 1, -2, -2, -2, 0) ,Ready
(-1, -2, -2, -1, 1, -1, -4, -2) ,Ready
(-1, -2, -1, 0, 1, -1, 0, 0) ,Ready
(0, -1, 1, -1, -1, -2, 0, -1) ,Ready
(-1, -2, -2, 0, -1, -2, 1, -1) ,Ready
(-2, -3, -1, -1, -3, -3, -2, -2) ,Ready
(-1, -1, -2, -1, -1, -1, -1, -1) ,Ready
(-2, 1, -1, 0, 0, -1, -2, -2) ,Ready
(-2, -1, 0, -1, -1, 0, -2, -1) ,Ready
(-2, 0, 0, 1, -1, -4, -2, -1) ,Ready
(0, -1, -3, -1, 3, 2, 1, 1) ,Ready
(-1, -2, -2, -2, 0, -2, -1, -1) ,Ready
(-2, -2, -1, -2, -2, -2, -1, -2) ,Ready
(0, -1, 0, 0, -1, 0, -3, 0) ,Ready
(-1, -1, -1, 0, -2, -1, -1, -2) ,Ready
(0, 1, -1, -1, -1, -1, -1, 0) ,Ready
(-1, 0, -1, 0, -2, -1, -2, -2) ,Ready
(-1, 0, -2, 0, -1, 0, 1, 0) ,Ready
(-3, 0, 0, 0, -1, -2, -1, -2) ,Ready
(0, -2, -2, -1, -2, -3, -2, 0) ,Ready
(0, 1, 0, 0, -2, -2, 0, -2) ,Ready
(-1, 1, 0, 0, -1, -2, 0, -2) ,Ready
(-1, 1, 0, -2, 0, 0, -1, -1) ,Ready
(-2, 0, -1, -2, 0, 0, -1, -2) ,Ready
(-1, -2, -1, -1, 0, -2, -2, -1) ,Ready
(0, -1, -1, -1, -2, 0, 1, -1) ,Ready
(-2, -4, -2, 0, -1, -1, -2, -2) ,Ready
(-2, -1, -3, -2, -4, -2, -1, -1) ,Ready
(-2, -1, 0, -1, -1, -1, -1, -2) ,Ready
(-2, -1, -2, -2, -2, -1, -2, -2) ,Ready
(-1, 0, -1, -4, -1, 0, 0, 0) ,Ready
(0, -2, -1, -1, -2, -2, -1, -1) ,Ready
(0, 1, 0, -1, -2, -3, 0, -1) ,Ready
(-1, 1, 0, 1, -4, -1, -1, 0) ,Ready
(-2, -4, 0, 1, 0, -1, 0, -1) ,Ready
(-1, -2, -1, -2, -2, -2, 0, 0) ,Ready
(-1, -1, -1, -1, 0, -3, -3, -3) ,Ready
(0, -1, -1, -1, -2, 1, 1, -1) ,Ready
(-1, -1, -2, -3, 0, -2, -1, -2) ,Ready
(-3, -1, -2, 0, 0, -2, -2, -3) ,Ready
(-2, -2, -3, -3, -2, -3, -2, 1) ,Ready
(-1, -1, 0, -1, 0, 0, -1, -1) ,Ready
(-1, -2, 1, -2, -1, 1, 0, 0) ,Ready
(0, -1, 0, -1, -2, -1, -3, -1) ,Ready
(0, -1, 0, -1, -1, -1, 0, 0) ,Ready
(-2, -3, -4, -2, -1, -1, -1, -1) ,Ready
(0, 0, -1, 0, -1, -2, 0, 0) ,Ready
(-1, -1, 0, -1, -1, 0, -1, -3) ,Ready
(-1, 0, -1, -2, -1, -2, -2, -2) ,Ready
(-2, -1, -2, 0, -1, -1, -1, 1) ,Ready
(0, 0, -2, -1, -1, 0, -1, -2) ,Ready
(-1, -1, -4, -2, 0, -2, 1, -1) ,Ready
(-2, 1, -1, 0, -2, 0, -1, -3) ,Ready
(-1, -2, 0, 0, -2, -2, -1, -2) ,Ready
(-1, -2, 0, 0, -2, 0, -1, 0) ,Ready
(0, -1, -2, 0, -1, -1, -1, -1) ,Ready
(-1, 0, -1, -3, -2, 2, 0, 0) ,Ready
(-2, 0, -1, -1, -1, -1, -1, -1) ,Ready
(-3, 0, -2, -2, 1, 0, -2, 0) ,Ready
(-1, -1, -2, -2, -2, 0, -1, 0) ,Ready
(-1, -2, -1, -1, 0, -2, -1, 0) ,Ready
(-1, 0, -1, 0, -2, 0, -1, -1) ,Ready
(0, -1, -2, 0, -1, -2, -1, -2) ,Ready
(0, 0, -2, -1, -1, 0, -1, 0) ,Ready
(1, 0, 0, -1, -2, -1, -1, 0) ,Ready
(-1, 0, -2, -4, -2, -2, -2, -1) ,Ready
(-1, -3, -2, -1, 0, -1, 0, -1) ,Ready
(0, -1, -1, -1, -1, -1, -2, -1) ,Ready
(0, 0, -1, -2, -1, 0, -1, -1) ,Ready
(-1, -3, -3, 0, 0, 1, -1, 0) ,Ready
(-1, 0, -1, 0, -1, -3, -2, 0) ,Ready
(-1, -1, -1, -1, -3, -2, -1, -3) ,Ready
(-1, 0, -2, -3, -3, -2, -1, -1) ,Ready
(-2, -3, -3, -2, -1, -1, -2, -3) ,Ready
(-2, -2, 0, -2, -1, -2, 0, -3) ,Ready
(-1, 0, -1, -2, 1, -4, -2, -1) ,Ready
(1, -2, -2, 1, 0, 0, 1, -1) ,Ready
(-1, 0, -1, -1, -2, -1, -3, -1) ,Ready
(-1, -2, 0, 0, -2, 0, -2, -1) ,Ready
(-1, -1, 0, -1, -2, -2, 0, -2) ,Ready
(-2, -2, 0, -1, -3, -1, -2, -1) ,Ready
(-1, -1, 0, -1, -2, -1, 1, -1) ,Ready
(-1, -2, -2, -1, 0, -2, -1, 0) ,Ready
(-2, -1, -1, 1, 0, 0, -1, -1) ,Ready
(0, -1, 0, -1, -1, -2, 1, -1) ,Ready
(-1, 1, -2, -1, -2, 0, 0, -1) ,Ready
(0, -1, -2, -3, 0, -3, -2, -3) ,Ready
(0, -1, -1, 0, -2, -2, 0, -1) ,Ready
(-2, 0, -1, -2, -1, -1, 0, -1) ,Ready
(-1, -1, -1, -1, 0, -1, -2, -2) ,Ready
(-2, 0, 0, 0, -3, 0, 0, 0) ,Ready
(-1, -1, -1, 0, -1, 1, -1, -1) ,Ready
(-1, 0, -1, 0, -1, -1, -3, -1) ,Ready
(0, -1, -3, 1, 0, -1, 0, -1) ,Ready
(-2, 1, -1, -2, 0, -1, -3, -3) ,Ready
(-2, -3, 0, -3, -2, -1, -1, 0) ,Ready
(-4, -2, -2, -2, -2, -1, 0, 1) ,Ready
(-2, 0, -1, -3, -1, -2, -1, -1) ,Ready
(0, -2, -1, -1, 0, -2, 0, 1) ,Ready
(-1, 0, 0, -1, -1, 0, -1, -2) ,Ready
(-1, -2, -1, -2, -2, -1, -1, -1) ,Ready
(-1, 0, -2, 1, -1, -1, -1, 0) ,Ready
(-1, 0, -1, -1, -1, -1, -1, -1) ,Ready
(-2, -2, -2, 0, -1, -2, -2, -1) ,Ready
(1, -2, 2, 0, 1, -1, -2, -1) ,Ready
(0, -1, 1, -1, -2, -1, -2, 0) ,Ready
(0, 0, 0, 0, -1, -1, -1, 0) ,Ready
(-1, -3, -1, -2, -2, -1, -1, 1) ,Ready
(1, -1, -1, 0, 0, 0, -3, -2) ,Ready
(-1, 0, -1, -1, 0, 0, -1, -2) ,Ready
(-1, -2, -3, 0, -2, -2, 0, -1) ,Ready
(-1, -1, -1, -1, -2, -1, -1, 0) ,Ready
(0, -2, -1, 1, 0, -2, -1, -1) ,Ready
(0, -1, -1, -2, 0, -1, -1, -2) ,Ready
(-2, -3, 0, 1, -3, -1, -2, -1) ,Ready
(-1, -1, 0, 0, -1, 0, -1, -1) ,Ready
(-2, -1, -1, -2, 0, -2, 1, 0) ,Ready
(1, -2, -1, -1, -2, -1, 0, -2) ,Ready
(-1, -1, -1, -1, -2, 0, -1, -1) ,Ready
(1, -2, -2, -1, 0, 0, -2, -2) ,Ready
(-1, -2, -1, -3, -2, -2, 0, -1) ,Ready
(-1, -1, 0, -1, -2, 0, -1, 0) ,Ready
(-1, -1, -2, -1, -1, 0, 0, -1) ,Ready
(-2, -2, -1, 0, -2, -1, 0, 0) ,Ready
(-1, -2, -2, 0, -3, -1, -3, -1) ,Ready
(-1, -1, 0, -2, 0, -1, 0, 0) ,Ready
(0, 0, -3, -1, -1, -1, -2, -2) ,Ready
(0, 1, -1, 0, -1, -2, 0, -1) ,Ready
(-1, -1, -2, -1, 0, 0, 1, -1) ,Ready
(0, 0, -2, 0, -3, -2, -2, -1) ,Ready
(-1, -2, 0, 0, 2, 0, -2, -1) ,Ready
(-3, -3, -4, -2, -3, -1, 0, -3) ,Ready
(-2, 1, -1, 1, 0, -2, -1, 0) ,Ready
(-2, -3, -2, 0, 1, -1, -2, -1) ,Ready
(-1, 0, 0, -1, -2, -1, 1, -1) ,Ready
(1, -2, 0, 0, -1, -1, 0, -1) ,Ready
(-1, -1, 0, -1, -2, -2, -2, -3) ,Ready
(0, 1, 0, -3, -1, -2, -1, 1) ,Ready
(0, 0, -1, -3, -1, -1, -1, -1) ,Ready
(-2, -1, -3, -1, 0, -1, -1, -1) ,Ready
(-1, -1, 0, -1, -3, 0, -3, -2) ,Ready
(-2, 0, 0, 0, 0, -1, -1, -2) ,Ready
(0, -1, -1, 0, -1, -1, 0, -2) ,Ready
(-1, -2, -1, -2, -2, -1, 0, -1) ,Ready
(-1, 1, 1, 0, 1, -2, -1, -1) ,Ready
(-3, -2, -3, -2, -2, -1, -1, 0) ,Ready
(-1, -1, -1, 0, -1, -1, 0, 0) ,Ready
(0, 0, -1, 0, -3, 0, -1, -2) ,Ready
(-1, 1, 0, -2, -3, -2, -2, -1) ,Ready
(-1, -2, -4, -1, -1, 0, 0, -1) ,Ready
(0, -1, -1, -1, 0, -2, -1, 0) ,Ready
(0, 0, -2, -1, -1, -1, -3, 0) ,Ready
(-1, -3, -2, -1, -1, -1, -2, -1) ,Ready
(-1, -2, -1, -1, -1, -2, -2, -2) ,Ready
(-1, 0, -2, -1, -1, -2, -2, -3) ,Ready
(-1, 0, -2, -1, 2, 0, -1, -1) ,Ready
(0, -3, -3, -2, -1, -2, -1, 0) ,Ready
(1, -2, -1, -2, -2, -1, -1, -1) ,Ready
(-1, -1, -2, -2, 0, -1, 0, 0) ,Ready
(0, -1, -1, -1, -3, 0, -2, -1) ,Ready
(-1, -2, 0, 0, 1, 0, -1, -1) ,Ready
(0, 0, 1, -1, -1, 0, 0, -2) ,Ready
(-1, -2, 0, 0, -1, -2, -3, -1) ,Ready
(-1, -2, -3, -3, -2, -1, -1, -2) ,Ready
(-1, -1, -2, -2, -1, -2, 0, 0) ,Ready
(0, 2, 0, -1, 1, -1, -2, -1) ,Ready
(-1, -1, 0, -1, -2, -1, 0, -1) ,Ready
(-1, -2, -3, -1, -1, -1, -5, -3) ,Ready
(0, -2, -1, -1, -1, -1, -1, 0) ,Ready
(0, 0, -1, 0, -2, -1, -2, 0) ,Ready
(-1, -1, 0, -1, -1, -2, -1, -2) ,Ready
(-1, -2, -1, 0, -1, -3, -3, -2) ,Ready
(1, -1, -2, -2, -1, 1, -1, 0) ,Ready
(-2, -1, 0, 0, -1, -2, -1, 0) ,Ready
(-2, -2, -1, -3, -4, 0, -1, 0) ,Ready
(0, 0, -1, 0, -1, -1, -1, 1) ,Ready
(-2, -2, 0, 0, 0, 0, -1, -2) ,Ready
(-2, -3, -2, -1, -2, -1, -1, -2) ,Ready
(1, -2, -3, 0, 0, 0, -1, 0) ,Ready
(-2, -3, -2, -3, -1, -1, 1, -2) ,Ready
(-1, -2, 0, 0, -1, -3, 1, -1) ,Ready
(0, 0, -2, -1, -2, 1, -1, -2) ,Ready
(-2, -2, -1, -1, -1, -2, -1, -1) ,Ready
(-1, 0, -1, -2, -1, -1, 0, 0) ,Ready
(-2, -1, 0, 0, -2, -3, -2, -1) ,Ready
(-2, -2, -1, -1, -1, -1, -1, -2) ,Ready
(0, -1, -1, -1, 0, -2, -1, -3) ,Ready
(-1, -1, -1, -1, 0, 0, -1, -2) ,Ready
(-3, -1, -1, -2, -1, -1, -1, -1) ,Ready
(0, -1, -1, -2, -3, -1, -1, 1) ,Ready
(-1, 0, -1, -2, -1, 0, -1, -2) ,Ready
(-4, -2, -1, -1, -3, -3, 0, -1) ,Ready
(-2, 1, -1, 1, -1, 0, 2, -1) ,Ready
(-1, -1, -1, 0, -2, -3, -2, -1) ,Ready
(0, 0, -1, -1, 0, 1, -1, 0) ,Ready
(0, -2, -1, -2, -3, 1, -2, -2) ,Ready
(-2, -1, 0, -2, 0, -2, -2, 0) ,Ready
(-2, -1, -1, 0, -1, -2, 0, 0) ,Ready
(-1, -1, -2, 1, 1, -2, 0, 0) ,Ready
(-1, 0, -1, 1, 0, 1, 0, -1) ,Ready
(0, 0, -1, -2, -1, -3, -2, 0) ,Ready
(0, -2, 0, -2, -1, 0, -1, -1) ,Ready
(0, -1, 0, -3, -2, -1, -1, -1) ,Ready
(-1, 0, -2, -1, -4, -1, -1, 1) ,Ready
(-2, -2, -2, -1, -1, 0, 0, 1) ,Ready
(0, -4, -2, -2, -1, -1, -2, -1) ,Ready
(-1, 0, 0, 0, -1, -2, -1, -2) ,Ready
(-2, 0, 0, 0, 0, 1, -1, -1) ,Ready
(-2, -3, -4, -1, 0, -2, -2, -1) ,Ready
(-1, -1, -3, 0, 0, 0, 1, 1) ,Ready
(-1, -2, -1, 0, -1, -3, -4, -1) ,Ready
(0, -2, -2, -2, -1, 1, -1, 0) ,Ready
(-1, 0, 0, 0, -2, 1, -1, -2) ,Ready
(-2, -1, -1, -1, -2, -3, -2, -1) ,Ready
(-3, -2, 0, -2, -1, -2, -2, -1) ,Ready
(1, -1, -1, -1, -2, 0, -2, -1) ,Ready
(-1, 1, 0, -1, -1, -1, -1, -1) ,Ready
(-1, -1, -2, -2, 0, -1, -1, -2) ,Ready
(-1, -3, 0, -1, -1, -2, 0, 1) ,Ready
(0, -1, -2, -1, -1, -2, 1, -2) ,Ready
(-2, 0, 1, -1, -2, 0, 1, 0) ,Ready
(-2, -3, -3, 0, -3, -3, -1, 0) ,Ready
(0, 1, -1, 0, -1, 0, -1, -1) ,Ready
(0, -1, 0, -1, 0, 0, -3, -3) ,Ready
(-1, -1, -2, -2, -3, -3, 0, -2) ,Ready
(-1, 0, 1, 0, -1, -2, -1, -1) ,Ready
(-1, -1, 0, 0, -1, -1, -3, -2) ,Ready
(-1, -1, -3, -1, -2, -1, -2, -1) ,Ready
(-1, -3, 1, 0, 0, 0, -2, -1) ,Ready
(-1, -1, -1, -1, -1, -1, -1, -2) ,Ready
(0, -2, -1, -2, -2, 0, 0, 0) ,Ready
(-2, 0, -1, 0, 0, -1, -2, -1) ,Ready
(-1, -1, -2, -3, -3, -1, -2, 0) ,Ready
(1, -1, -1, -1, 0, -1, 1, -3) ,Ready
(0, 0, -2, -1, -1, -1, 0, 0) ,Ready
(-2, 0, -1, -2, 0, -2, 0, -3) ,Ready
(-1, -4, -3, -2, -1, -3, -2, 0) ,Ready
(0, 0, 0, -2, 0, -1, 0, -1) ,Ready
(-1, 0, -2, -2, 0, -1, -1, -1) ,Ready
(0, -2, -1, -2, -1, -2, 1, -2) ,Ready
(-3, -2, -1, -2, 0, -2, -2, -2) ,Ready
(-2, -1, -1, -1, 0, 0, -1, 0) ,Ready
(-3, -2, -1, -2, -2, -1, -2, -3) ,Ready
(-1, -1, -1, 0, -2, -2, 0, -1) ,Ready
(1, 1, 0, -1, 1, -1, 0, -1) ,Ready
(-1, -3, -3, -3, -1, -3, -2, -1) ,Ready
(-1, 0, -2, -2, 0, 1, 1, 0) ,Ready
(-2, -2, -1, -1, -2, 0, -1, -1) ,Ready
(-1, 2, 0, 0, -2, -3, 0, -1) ,Ready
(-3, 0, -1, -2, -1, 0, -3, -2) ,Ready
(-1, -1, -1, 0, -2, -1, -2, 0) ,Ready
(0, -1, -1, 1, -2, -1, -1, -2) ,Ready
(0, -1, 0, -1, -2, 0, -1, 1) ,Ready
(-2, 0, 0, -2, -3, -1, 1, 1) ,Ready
(-1, -1, -1, 0, 0, 0, -1, -1) ,Ready
(0, 0, -4, -2, -1, -1, -1, -1) ,Ready
(-1, 0, -1, 1, 1, -1, 0, -2) ,Ready
(0, 0, 0, 2, -2, -2, -1, 0) ,Ready
(-1, -2, -2, 0, -3, -1, -1, -1) ,Ready
(-2, -2, -1, -1, -1, -1, 0, 2) ,Ready
(-2, -3, -3, -2, -2, -2, -1, -2) ,Ready
(-2, -1, 1, -1, 0, 0, -1, 0) ,Ready
(-1, -1, -1, -2, -1, -1, 0, -1) ,Ready
(0, -1, -1, -1, -1, -1, -2, -1) ,Ready
(-1, -2, -3, -1, -1, -1, -1, 0) ,Ready
(-2, -1, 0, -1, -3, 0, -1, -1) ,Ready
(0, -1, -2, -1, 0, -2, -1, 0) ,Ready
(0, 1, 1, -2, 0, 0, -1, -2) ,Ready
(-2, -2, -1, 0, -2, -1, -1, -2) ,Ready
(-1, -1, -2, -1, -1, -1, 0, -2) ,Ready
(-1, -2, 0, -3, -1, 1, 0, -1) ,Ready
(-1, 0, -3, -2, -2, -2, -1, 0) ,Ready
(-2, -2, -3, -2, 0, -3, -3, -1) ,Ready
(0, -2, -1, 0, -2, -1, -3, -2) ,Ready
(0, -2, 0, -1, -1, -2, -1, -2) ,Ready
(-2, -3, 0, -2, -1, 1, -2, 0) ,Ready
(-2, 1, 1, 0, -1, -2, 0, -2) ,Ready
(-1, 0, -3, -1, 0, 0, -3, 0) ,Ready
(1, -1, -1, 0, -1, -2, -2, -2) ,Ready
(-2, -2, -1, 1, -1, 0, -1, 0) ,Ready
(-2, -2, -1, -2, -2, -2, -1, -2) ,Ready
(-1, -1, -1, 0, 2, 0, 1, 0) ,Ready
(-3, -2, 0, -1, -2, -1, -3, -1) ,Ready
(-2, -1, -3, -2, 0, -2, -1, 1) ,Ready
(-1, 0, 2, -1, -3, -3, 0, -1) ,Ready
(2, 0, 0, 1, -1, 1, 0, -2) ,Ready
(-1, -1, -2, -2, -1, -2, -2, -1) ,Ready
(0, 0, 0, 0, -1, -2, 0, -3) ,Ready
(-1, 0, -1, -1, -1, 0, -1, -2) ,Ready
(-2, -1, 0, -1, -1, -2, -1, 0) ,Ready
(1, -1, -2, -2, 0, 0, 1, -1) ,Ready
(-2, 0, -1, -2, -1, 0, -1, -1) ,Ready
(0, 1, 1, -1, 1, 0, -1, 0) ,Ready
(-1, -2, -2, -1, -1, 0, -3, -2) ,Ready
(-3, -1, 1, 0, 0, -2, 0, -1) ,Ready
(-1, -1, 0, -2, -2, 0, 0, 0) ,Ready
(-1, -2, -3, -1, -1, -2, 0, -3) ,Ready
(-1, -1, 0, -1, -1, -2, -1, -2) ,Ready
(-2, -1, -2, -2, -2, -3, 0, -1) ,Ready
(-1, 0, -1, -3, 0, 0, -1, -1) ,Ready
(-2, -1, -2, -1, 0, -1, -2, 0) ,Ready
(-1, -1, 0, 0, -1, -1, -1, -1) ,Ready
(-2, -2, -2, 0, -3, -2, 0, -1) ,Ready
(-3, -3, -1, -1, -1, -1, 0, -3) ,Ready
(0, -2, -3, -2, -2, 0, -1, -2) ,Ready
(-2, -1, -1, 1, 0, -1, -1, 0) ,Ready
(-2, -1, 0, -2, -2, 0, -2, 0) ,Ready
(0, -1, -3, -1, -1, -1, -2, -1) ,Ready
(-1, 0, 1, -1, 0, 0, -1, 0) ,Ready
(1, -3, -5, -2, -2, -1, 0, -2) ,Ready
(-1, -1, 0, 0, 0, -2, -1, -1) ,Ready
(-2, -1, -1, -1, 0, -1, -2, 0) ,Ready
(0, 0, 0, -2, 1, 0, -1, 0) ,Ready
(-1, 0, 1, 0, 0, -2, -3, -1) ,Ready
(0, 0, -2, -1, 0, -1, 0, -2) ,Ready
(-2, 2, 0, -1, 0, -2, -2, -3) ,Ready
(-2, -1, 0, 0, 0, -1, -1, 0) ,Ready
(-1, -1, -1, -2, -1, -1, -1, -2) ,Ready
(-1, 0, -1, 1, -1, -1, 0, -1) ,Ready
(-1, -2, -3, 0, -3, -1, -2, -2) ,Ready
(0, -2, -1, 0, 0, -1, -1, -1) ,Ready
(-1, -1, -2, -3, -1, -2, -1, -1) ,Ready
(0, -1, -2, -2, -3, -1, -1, -2) ,Ready
(-2, -3, -2, -2, -1, -2, -2, 0) ,Ready
(0, -1, -1, -2, 1, -2, -3, 1) ,Ready
(0, -1, 1, -1, -1, 1, -1, -1) ,Ready
(-2, 1, -3, 1, -1, -1, -2, -1) ,Ready
(1, 0, -1, -1, 0, -2, -1, -2) ,Ready
(-2, -2, -2, -1, -2, -1, -1, -1) ,Ready
(0, 0, 1, -1, 1, 0, -2, -1) ,Ready
(0, -3, -1, -1, -1, 0, -1, -1) ,Ready
(-1, 1, 0, -1, 0, -1, -1, 0) ,Ready
(-1, -1, 0, 0, -1, -1, -1, 0) ,Ready
(0, 0, -3, -1, -2, -1, -1, -1) ,Ready
(-1, -1, -1, 0, -1, -2, 0, 0) ,Ready
(0, 0, 0, -3, -1, -1, 1, 1) ,Ready
(0, 0, 1, -2, -2, -2, 1, -1) ,Ready
(-1, -1, 0, 0, -2, -3, -1, 0) ,Ready
(-1, -2, -3, -1, -1, -1, -1, -1) ,Ready
(-1, -3, -2, -1, 1, 0, -1, -1) ,Ready
(0, 0, -2, -1, 0, -1, -1, 1) ,Ready
(-1, -2, -3, -1, -2, -1, 0, -1) ,Ready
(-3, -1, -2, -2, -2, 0, -1, 0) ,Ready
(0, -1, 0, 0, -3, -1, -2, -1) ,Ready
(-2, 0, -1, -1, 1, -2, -1, 1) ,Ready
(-1, -2, -2, 0, -1, -2, -3, -1) ,Ready
(0, -2, -1, -3, -2, -1, -2, 0) ,Ready
(-1, -1, -1, -1, -2, 0, -1, -1) ,Ready
(-1, 0, 0, -1, -2, -1, -1, -2) ,Ready
(0, -2, -1, 0, -1, -2, -1, -2) ,Ready
(0, 1, 1, -2, -2, -2, -1, -1) ,Ready
(-2, -2, -2, -2, -3, -1, 0, -2) ,Ready
(0, -3, -1, -1, -2, -3, 1, -1) ,Ready
(-1, 0, -1, -1, -1, 0, 2, -1) ,Ready
(-2, -2, 0, -1, 1, 0, -1, -1) ,Ready
(-3, -1, -2, 0, -1, -3, -1, 0) ,Ready
(-1, 2, 0, 0, 0, 1, -3, 0) ,Ready
(-3, 0, 2, -1, -2, -1, -1, 0) ,Ready
(-1, 0, -2, 0, 0, -1, 0, 0) ,Ready
(-1, -2, -2, -1, -1, -3, -3, 0) ,Ready
(-1, -3, -1, -3, -2, -2, -1, -2) ,Ready
(0, 0, -1, -1, 0, 0, 0, 0) ,Ready
(0, -1, 0, -2, 0, -2, -2, -3) ,Ready
(0, -1, -1, 0, 0, -1, 0, -1) ,Ready
(-1, 0, 0, 0, -1, -2, -2, -1) ,Ready
(-1, -1, 0, -3, -3, -1, -1, -1) ,Ready
(0, -2, -2, -2, -2, 0, -1, -2) ,Ready
(0, -1, -1, 0, 0, -1, 0, -1) ,Ready
(0, -1, 0, 0, 0, -1, -1, -1) ,Ready
(-1, 0, -3, -2, -1, -2, -3, -2) ,Ready
(-1, 0, -1, -1, -2, -1, 0, -1) ,Ready
(0, 0, 1, -1, -3, -1, -2, -1) ,Ready
(-2, -1, -1, 0, -1, 0, 0, -1) ,Ready
(-1, -1, -2, -1, 0, 0, 0, -2) ,Ready
(-2, 0, -1, 0, -1, -1, 0, -1) ,Ready
(-2, -1, -2, -2, -1, -1, 0, -1) ,Ready
(-2, 0, 0, -1, -2, -3, 0, 0) ,Ready
(1, -3, -1, -2, -1, -1, -2, 0) ,Ready
(-1, -1, 0, -1, -1, -1, -2, 0) ,Ready
(0, 0, 0, 0, -1, 0, -3, 1) ,Ready
(-1, -1, 0, 1, 1, 0, -1, -1) ,Ready
(-2, -1, -1, -2, -2, 0, -2, -2) ,Ready
(-1, 1, 0, 0, 0, -3, 0, -1) ,Ready
(-1, 0, -3, -2, -3, -1, -1, -1) ,Ready
(0, 0, 0, -2, -2, 0, -1, 0) ,Ready
(-1, -1, -2, -1, 1, -2, 0, -2) ,Ready
(-3, -3, -2, -1, -2, -2, -1, -1) ,Ready
(-1, 0, 0, 0, -1, -1, 0, -3) ,Ready
(0, -1, -1, 0, -3, -2, 0, -1) ,Ready
(1, -3, -2, 0, -1, -1, -2, -2) ,Ready
(0, -4, -3, -2, 0, 0, -2, -1) ,Ready
(-1, 0, 0, 0, -1, -2, -2, -2) ,Ready
(-1, -1, -2, -2, -1, 0, -1, -2) ,Ready
(-2, -2, -1, -2, -2, 0, -2, 0) ,Ready
(-1, 1, -3, -1, -1, 0, -1, 0) ,Ready
(-1, -1, -3, -2, -1, -3, -1, -1) ,Ready
(-1, 0, 1, -1, -2, -1, 0, 0) ,Ready
(-2, -3, -3, -1, -2, -2, -1, -1) ,Ready
(-1, 1, -1, -1, 0, 1, -1, -1) ,Ready
(0, 1, -2, 0, 0, 0, 0, -2) ,Ready
(-1, 1, 2, -1, -2, -2, -3, -1) ,Ready
(0, -1, -4, -1, -2, -2, -1, -1) ,Ready
(1, 1, 0, -2, -1, 1, 0, -2) ,Ready
(-1, 0, -1, -2, -1, 0, -1, 0) ,Ready
(-2, -2, 0, -1, -1, -1, -1, -3) ,Ready
(0, -1, 0, -2, -1, -1, 1, -2) ,Ready
(-2, 0, -2, -3, -1, -3, -2, -1) ,Ready
(-1, -1, -3, 0, -1, -1, -1, -2) ,Ready
(1, -2, -2, 0, -1, 0, 0, -1) ,Ready
(0, -3, 0, 0, -1, -1, -1, -3) ,Ready
(-2, -2, -4, -1, 0, -1, -1, -2) ,Ready
(-3, 0, -1, -3, -2, -2, -2, -3) ,Ready
(-1, -1, -1, -2, -1, -1, 0, -1) ,Ready
(-3, 0, 0, 0, -1, -1, -3, -2) ,Ready
(0, -3, -2, -2, 0, -3, -1, 0) ,Ready
(-1, 0, 1, -2, 0, -1, -2, 0) ,Ready
(-1, -1, -2, 1, -1, -1, -2, -2) ,Ready
(0, -2, -1, -1, 0, -1, -1, -2) ,Ready
(0, -1, 0, -2, -1, -2, -1, 0) ,Ready
(-2, -1, 0, -1, 0, 1, -1, -1) ,Ready
(-1, -1, 0, -2, 1, -1, 0, -1) ,Ready
(-2, 1, 0, 0, -3, -3, -2, -3) ,Ready
(-1, -1, -2, -1, -1, 0, -1, -2) ,Ready
(0, -1, 0, -1, -1, 0, 0, 1) ,Ready
(-1, 0, 0, -2, -2, -3, 0, 1) ,Ready
(-1, -2, 0, 0, -1, 0, 0, -3) ,Ready
(-1, 0, 0, -1, -1, -1, -3, -2) ,Ready
(0, 0, -2, -1, -1, -1, 0, 0) ,Ready
(1, -2, -2, -1, -2, -1, 0, -2) ,Ready
(0, -2, -2, 0, 0, -3, -2, -1) ,Ready
(-1, 0, -2, -2, 0, -1, -1, -1) ,Ready
(1, -1, -2, -3, -2, -2, -1, 0) ,Ready
(-1, -2, -1, -1, 0, -1, 0, 0) ,Ready
(-2, -1, 0, 1, 0, -1, 0, 0) ,Ready
(0, -1, -1, 0, -2, -1, -1, -3) ,Ready
(-1, -1, -2, -2, -1, -1, 0, 0) ,Ready
(0, -1, -1, -1, -2, 0, -1, 0) ,Ready
(-3, -2, -5, -2, -2, -2, -4, -1) ,Ready
(-1, -1, -3, -2, -1, 0, 1, 0) ,Ready
(-1, 0, -1, -2, -1, 0, -1, 0) ,Ready
(0, -2, -1, 0, -2, 1, -1, 0) ,Ready
(1, 1, -1, -2, -2, -1, -2, -1) ,Ready
(-1, -1, -2, 0, -2, -2, -2, 0) ,Ready
(0, -1, -2, 0, -1, -1, -2, -1) ,Ready
(-2, -2, 1, 0, 1, -2, -1, -1) ,Ready
(0, 1, 0, -2, 0, 0, -2, -1) ,Ready
(-1, -3, -2, -1, -2, -1, -1, -1) ,Ready
(-2, -1, -1, 0, -1, -1, 1, -2) ,Ready
(-2, -2, -1, -1, 0, -4, -2, -1) ,Ready
(0, -1, -2, -1, -2, -2, 0, -1) ,Ready
(-1, 0, -2, -1, -1, 0, -2, -2) ,Ready
(-2, -2, -2, 0, 0, -1, 0, -1) ,Ready
(-2, 1, -3, -1, -2, -2, -1, -1) ,Ready
(-1, 0, 0, -1, -2, 0, -2, -2) ,Ready
(-1, -3, -1, -1, -1, 1, -2, 0) ,Ready
(-1, 0, 0, -2, -1, -1, -2, 0) ,Ready
(-2, -1, -1, -2, -1, -1, -1, -1) ,Ready
(-1, -1, 0, -3, -1, 0, -1, -1) ,Ready
(0, 0, -2, 0, 0, -1, -1, -1) ,Ready
(-1, 0, -2, -2, 0, -1, 0, 0) ,Ready
(-1, 0, 0, -3, 0, -2, -1, -1) ,Ready
(-1, -2, -1, 0, -1, -2, -3, -2) ,Ready
(-2, -3, -2, -1, -1, 0, -2, -2) ,Ready
(1, -1, -1, -1, -1, -1, -2, -2) ,Ready
(-1, -1, -1, 0, -1, -1, 0, 0) ,Ready
(0, -1, 0, 1, 1, -1, -1, -1) ,Ready
(-1, 0, -1, -1, -2, -3, -1, -1) ,Ready
(-2, -1, 0, -1, -2, 0, -1, -1) ,Ready
(0, -1, 0, -3, -2, -2, -1, -1) ,Ready
(-2, -1, -2, -2, 0, -1, 0, -1) ,Ready
(0, 0, -2, -1, -1, -1, 0, 0) ,Ready
(-2, -1, -2, 0, 0, -1, -1, -2) ,Ready
(1, 1, 1, 0, -1, -2, 0, -1) ,Ready
(-2, -2, -1, -4, -1, 0, -1, 0) ,Ready
(-1, 0, 1, -2, -1, 2, -1, 0) ,Ready
(-1, -1, -2, -2, 0, 0, -1, 0) ,Ready
(-2, -1, 0, 0, -2, -1, -1, -1) ,Ready
(0, -3, -1, -1, 0, -1, -1, 1) ,Ready
(0, -1, -1, 0, -1, 0, -1, 0) ,Ready
(0, -2, -2, -2, -1, 0, 1, -1) ,Ready
(-1, -1, -1, 2, -1, -1, -2, -1) ,Ready
(-1, -1, -2, 0, -2, -2, -1, -1) ,Ready
(-1, -1, -3, -2, 1, 1, 0, -1) ,Ready
(0, -1, 0, -2, -2, -1, -2, 0) ,Ready
(-3, -1, -1, -2, 0, -2, 1, 0) ,Ready
(-3, -1, 1, -2, -1, -2, -1, 0) ,Ready
(-1, -1, 1, -1, 0, -3, -1, -1) ,Ready
(-1, -1, -2, 0, -1, -2, -1, -2) ,Ready
(0, -3, -4, -2, -1, -2, -1, -2) ,Ready
(0, 1, 0, 0, 0, -1, -1, -2) ,Ready
(0, 0, -2, -2, -2, 0, -2, -1) ,Ready
(-2, -2, 0, -2, -1, 0, -2, -2) ,Ready
(-1, 0, -1, -2, 0, 1, -2, 0) ,Ready
(-2, 1, -2, 0, -1, -1, -2, 0) ,Ready
(0, -1, 0, -1, 0, -2, 0, -2) ,Ready
(-1, -1, -3, 1, -1, -2, -1, -3) ,Ready
(0, 0, 0, 0, 0, -1, -2, -2) ,Ready
(-1, -2, -4, -3, -2, 0, -1, -1) ,Ready
(-1, -1, 2, -1, -1, 0, -2, -1) ,Ready
(0, -2, 0, 0, 1, -2, -2, 0) ,Ready
(-1, -2, -1, 0, 0, -2, -2, -1) ,Ready
(-1, -2, -2, 1, -1, -2, -1, -2) ,Ready
(-1, -1, -1, -1, -1, 0, 0, -2) ,Ready
(-2, -1, 0, -1, -1, -2, 1, -1) ,Ready
(0, 0, 0, -3, -2, -1, -1, 0) ,Ready
(0, -1, -1, -1, -1, -1, -1, -1) ,Ready
(0, -1, -3, -2, -1, -2, -2, 0) ,Ready
(-1, 1, 1, 2, -2, -2, -2, 0) ,Ready
(-1, -2, -1, -2, 0, -1, -1, -1) ,Ready
(-2, -3, 0, 0, 0, 1, 0, -2) ,Ready
(-1, 1, 0, -1, -1, 0, -2, -3) ,Ready
(-1, -1, -2, -3, -3, -1, -1, -1) ,Ready
(0, -3, -1, 1, -1, 0, -1, -1) ,Ready
(-1, 0, -1, -1, 0, -2, 0, -1) ,Ready
(-2, 0, 1, 0, 0, 1, 1, 0) ,Ready
(-1, -2, -2, -1, -1, -2, -1, -1) ,Ready
(1, -2, 0, -1, -1, -1, -1, -1) ,Ready
(-1, -1, -1, 0, -2, -3, -3, -2) ,Ready
(-1, -2, -2, 0, -2, -3, 0, -1) ,Ready
(-1, -1, -1, -1, 0, -1, -2, -2) ,Ready
(-2, -2, -1, -3, -4, -2, -1, -2) ,Ready
(-1, 0, -2, -2, -1, 1, 0, 0) ,Ready
(0, 0, -1, 0, -2, -1, -3, -2) ,Ready
(-2, 1, -3, -1, 1, -2, -1, -1) ,Ready
(-1, 0, -1, -2, 0, -1, -3, 0) ,Ready
(-1, 0, 1, 0, -3, 0, -1, 2) ,Ready
(-1, -1, -1, -1, -1, -1, 0, -1) ,Ready
(0, -1, -2, -2, -1, 0, -2, -1) ,Ready
(-1, 0, -1, 1, 0, -1, 0, 0) ,Ready
(-1, 0, 1, -1, -2, -1, -2, -1) ,Ready
(-1, -4, -2, -1, 0, -1, -2, -1) ,Ready
(-2, -1, -2, -1, -2, -2, -1, -1) ,Ready
(-1, -1, -1, -1, 0, -1, -1, -2) ,Ready
(1, 0, -1, 0, -1, -1, -1, -2) ,Ready
(-1, 0, -4, 0, -2, -1, -2, -1) ,Ready
(-2, 0, 0, 0, 0, -1, 0, -1) ,Ready
(-1, -1, -1, -1, -1, -2, 0, 0) ,Ready
(-2, -2, -2, -1, -1, 0, 0, -2) ,Ready
(-2, -1, 0, -3, 0, -1, -2, 0) ,Ready
(-2, -2, -1, 0, -2, -1, -2, -1) ,Ready
(-2, -1, 0, -1, -1, 1, -1, 0) ,Ready
(-1, -2, -1, -1, 0, -1, -2, -3) ,Ready
(0, -1, -3, -1, 1, 1, 0, -1) ,Ready
(0, 0, -2, -1, -2, -2, -1, -1) ,Ready
(0, 0, 1, -1, -1, -2, -2, -2) ,Ready
(-2, -1, -2, 0, 0, -1, -1, -1) ,Ready
(9, 0, 0, -2, 0, -1, -1, -3) ,Ready
(-12, -3, -2, -1, -1, -2, 0, 0) ,Ready
(-1, -2, -2, -1, -1, -1, -2, -1) ,Ready
(-2, -1, -1, -2, -1, -1, -1, 1) ,Ready
(-2, -1, -2, 0, -2, -2, -1, -1) ,Ready
(3, -1, -1, -2, -2, -1, -1, -3) ,Ready
(0, 1, -1, 0, -1, -2, -2, -1) ,Ready
(-1, -1, -1, -1, -1, -2, 1, 0) ,Ready
(0, -1, -1, -2, -1, -1, -2, -1) ,Ready
(0, -1, 1, -1, -1, -1, 0, -1) ,Ready
(-3, -2, -1, -3, -2, -1, -1, 0) ,Ready
(1, -1, -1, -2, -2, -1, -1, -2) ,Ready
(-3, 0, -2, -3, -2, -1, -1, -1) ,Ready
(-2, -3, -1, -1, -1, -2, -2, -1) ,Ready
(-1, -1, 1, -2, 1, 0, -1, -3) ,Ready
(-1, -1, -3, -2, -2, -2, -1, -1) ,Ready
(-3, -1, 0, 1, -1, 0, -1, -1) ,Ready
(0, -1, -2, -1, -1, -2, 1, -1) ,Ready
(-1, -1, -4, 0, -2, -2, -2, -3) ,Ready
(-2, -1, 0, -4, 0, 1, -1, 1) ,Ready
(-3, -1, -1, 0, -2, -2, -2, -1) ,Ready
(0, -1, -1, 1, 0, -1, -1, 0) ,Ready
(-1, -2, -1, -2, -2, 0, -1, -2) ,Ready
(-1, 0, 0, -1, -1, 0, -1, -2) ,Ready
(-2, -1, -3, -3, -2, -1, 1, 0) ,Ready
(-1, 0, -2, -2, -2, -2, -1, -2) ,Ready
(-1, 0, -1, -2, -1, -2, 0, -1) ,Ready
(0, -2, -1, 0, -1, -1, -1, -3) ,Ready
(-1, -3, -4, 0, -2, 0, 0, -1) ,Ready
(1, -2, 0, -2, 2, -1, -1, -1) ,Ready
(-2, -1, 1, -2, -2, -2, 0, 1) ,Ready
(-1, 0, -1, 0, -2, 0, -1, -1) ,Ready
(-3, -2, 0, -1, -2, -2, -1, -1) ,Ready
(-2, -1, -2, -2, -2, 1, -2, 2) ,Ready
(-1, 2, 1, 1, 0, -1, -1, 1) ,Ready
(0, -2, -1, -2, -1, -4, -2, -3) ,Ready
(-1, -3, -3, -1, -1, -1, -2, 0) ,Ready
(0, 0, -1, -2, -1, -1, -2, -1) ,Ready
(-2, -2, -1, 1, -1, -1, 0, -2) ,Ready
(-1, -3, -2, 0, -1, -2, -2, -2) ,Ready
(-1, 1, -2, -1, -1, -1, -1, 0) ,Ready
(-1, 0, 0, -1, -1, -2, 0, 0) ,Ready
(-1, 2, 1, -3, 0, -1, -1, 0) ,Ready
(-1, -1, -2, -1, -2, -1, -2, -1) ,Ready
(-1, -1, 1, 2, -1, -1, -1, 0) ,Ready
(-2, -3, -5, -3, -3, 0, -1, -2) ,Ready
(-1, 0, 1, 0, 0, -1, -1, 0) ,Ready
(-1, 0, -1, -2, -1, -2, -1, 0) ,Ready
(-1, 0, 0, -1, 0, -1, -1, 0) ,Ready
(-1, 0, -1, -1, 0, -1, 0, -3) ,Ready
(-1, -1, -1, -1, -2, -1, -1, -2) ,Ready
(0, -2, 0, 0, 0, -2, -1, -1) ,Ready
(0, -1, -2, -1, -1, -1, 0, -2) ,Ready
(0, 1, -1, 0, 1, 1, -1, -1) ,Ready
(0, -1, -3, -2, 0, 1, -2, -2) ,Ready
(0, -2, -1, -1, -2, -1, -2, -2) ,Ready
(-1, 0, 0, -2, -2, 0, 0, 1) ,Ready
(-1, -1, -2, -1, -2, -1, -1, -2) ,Ready
(-2, -2, -4, 0, -1, 0, -1, 2) ,Ready
(0, -1, 1, -1, 0, -1, -2, -1) ,Ready
(-1, -2, 0, -2, -2, -1, -1, -2) ,Ready
(-1, -2, -2, -2, -1, -1, -1, 1) ,Ready
(-1, -2, 0, -3, -3, -2, -1, -1) ,Ready
(0, 0, 1, -2, -1, -2, 0, -2) ,Ready
(0, -2, 1, -2, 0, -1, 0, -2) ,Ready
(-1, 0, -1, -1, -1, 1, -2, 0) ,Ready
(-1, -2, -1, -2, 1, -1, -1, -1) ,Ready
(-2, -1, 1, -2, -2, -1, -2, 1) ,Ready
(-1, -1, -3, -1, -2, -1, -2, -1) ,Ready
(-1, -1, 1, -1, -1, -3, 0, -1) ,Ready
(0, -1, 0, 0, 0, -1, -1, -2) ,Ready
(-3, -1, -2, -1, -2, -1, 1, 1) ,Ready
(-2, -2, -1, -2, -1, -3, -2, -2) ,Ready
(-1, 0, -1, 0, 0, 1, 0, 0) ,Ready
(-1, -2, -4, -1, -3, -2, -1, -1) ,Ready
(-1, -1, -4, -2, -1, 0, -1, -1) ,Ready
(0, 1, 0, -1, -2, -2, -2, -1) ,Ready
(-1, -2, -2, -1, 0, -1, -2, -1) ,Ready
(-1, -2, -2, 0, -1, 0, 0, -1) ,Ready
(0, -1, -1, 1, -1, 0, -2, -1) ,Ready
(-4, -2, -3, -2, -1, 0, -1, -1) ,Ready
(-2, -1, 1, -3, -1, 0, -2, -1) ,Ready
(0, -2, -1, 0, 1, -3, -1, 0) ,Ready
(-2, 0, -1, 0, 1, -1, -1, 0) ,Ready
(-1, -3, 0, -2, -3, -2, -2, 0) ,Ready
(-3, -2, -3, -2, -4, -1, 0, -2) ,Ready
(-2, -1, -3, -2, -3, -1, -2, -2) ,Ready
(0, -4, 1, 0, -1, -3, 2, -1) ,Ready
(-2, 1, 0, -1, -2, -1, -1, -2) ,Ready
(-2, -2, -2, -1, -1, -3, 0, 1) ,Ready
(1, 0, 0, -1, -1, -1, 0, -2) ,Ready
(-2, 0, 0, -1, -1, -3, -2, -2) ,Ready
(-2, -3, -2, -3, 0, -1, 0, 0) ,Ready
(0, 0, 1, -2, 0, -1, 0, 0) ,Ready
(0, 0, -1, -1, -1, 0, -2, -1) ,Ready
(-1, 0, -1, 0, 2, -2, -3, -2) ,Ready
(1, -2, 0, 1, 1, -2, -3, -2) ,Ready
(0, -2, -4, -5, -2, -5, -3, -2) ,Ready
(-1, 0, -2, -1, -1, -3, 0, -1) ,Ready
(-1, -1, -2, -2, -2, -2, -2, 0) ,Ready
(0, 0, -2, 0, 0, -1, -3, -1) ,Ready
(-1, 0, -1, 0, -2, -1, -1, -1) ,Ready
(-1, -1, -2, -1, -1, 1, 0, 0) ,Ready
(-1, -3, -3, -1, -1, -3, -2, -2) ,Ready
(0, -1, -1, -1, -1, -3, 1, -2) ,Ready
(-2, -1, 0, 0, -2, -2, -2, -1) ,Ready
(-2, -1, -2, -2, -2, -1, -2, -2) ,Ready
(0, -3, 0, -2, -1, -2, -1, -2) ,Ready
(-2, 0, 0, -2, 1, -1, -2, -1) ,Ready
(-1, -1, -3, 1, -2, 0, -1, -3) ,Ready
(-1, 0, -2, -2, -2, 0, -3, -1) ,Ready
(-2, 0, -1, -1, -1, -1, -1, -1) ,Ready
(-1, -2, 1, -2, 0, -1, 0, -1) ,Ready
(-1, -2, -2, -1, -2, -2, -1, -1) ,Ready
(0, -1, -1, -1, -1, -1, -2, -2) ,Ready
(-1, 1, -1, -2, -2, -1, -1, 0) ,Ready
(-2, -1, -2, -1, 0, -1, -2, -2) ,Ready
(-1, 0, 1, 0, 0, -1, -3, -1) ,Ready
(0, -1, 0, 1, 0, -2, -2, -3) ,Ready
(-2, -2, -1, -2, -1, -2, -2, 0) ,Ready
(-1, -1, 0, 0, -2, 0, 0, 0) ,Ready
(0, 0, 1, 0, -1, -1, -1, -1) ,Ready
(0, -3, -4, 0, -2, -2, 0, -1) ,Ready
(-2, -1, 0, 0, -1, -1, -1, -1) ,Ready
(-1, -1, -1, -2, -2, -2, 1, -2) ,Ready
(-1, -1, -2, 0, -1, -2, -2, 1) ,Ready
(-1, 0, -2, -3, -2, -1, -2, -1) ,Ready
(0, 0, -3, -1, -1, 0, -2, -1) ,Ready
(-1, 1, 0, -2, -1, -3, 0, -1) ,Ready
(-1, -2, -1, 0, -1, -2, -1, -1) ,Ready
(0, -2, -2, -2, -1, 0, -2, -1) ,Ready
(-1, -1, -1, -1, 0, -2, -1, -1) ,Ready
(-1, 0, 1, -1, -2, -3, 0, -4) ,Ready
(-2, 0, -1, -1, -2, -1, 0, -2) ,Ready
(-3, -2, -3, -2, 1, -1, 0, -2) ,Ready
(0, 0, 0, -1, -1, -3, -1, 0) ,Ready
(0, -2, 1, 0, -3, -1, -1, 0) ,Ready
(1, -2, 0, 0, -1, -1, -1, -1) ,Ready
(-2, 1, 0, -4, 0, -1, -3, -2) ,Ready
(0, -1, -2, 0, -2, -1, -1, -1) ,Ready
(-3, 0, -1, -2, 1, 1, -1, -2) ,Ready
(0, -2, -2, -2, -2, 1, 1, -2) ,Ready
(-1, -2, 0, 2, 0, -1, -1, 0) ,Ready
(-1, -1, 0, -1, 0, -1, -1, 1) ,Ready
(-1, -2, 0, 0, -1, -2, 0, -1) ,Ready
(-1, 0, 0, -1, 1, -1, -1, 0) ,Ready
(-1, 0, -1, 0, -1, 0, -3, -1) ,Ready
(-3, -6, -5, -4, -5, -2, -2, -1) ,Ready
(-2, -2, 0, -1, 2, 0, -1, -1) ,Ready
(0, 0, 0, -2, -1, -2, -2, 0) ,Ready
(1, -1, 0, -2, -1, 0, 0, 0) ,Ready
(-1, -1, 2, -1, 0, -4, 0, -2) ,Ready
(1, -1, -2, -3, -1, -2, -1, 1) ,Ready
(-1, -2, -3, -2, -3, -2, -2, -2) ,Ready
(0, 1, -1, 0, -1, -2, -2, 0) ,Ready
(0, 2, 1, 0, -1, -1, 0, -2) ,Ready
(-2, -1, -2, -2, -1, -2, -2, -2) ,Ready
(-1, -1, -1, 0, 2, 0, -1, -1) ,Ready
(-1, 1, 0, -2, -1, -1, 0, -1) ,Ready
(-1, 0, -2, 0, 1, 1, -1, -1) ,Ready
(0, -1, -2, -1, -1, -2, -2, 0) ,Ready
(-1, -1, -2, -1, -2, -1, -1, -3) ,Ready
(-1, -3, -4, -1, -1, 1, -2, 0) ,Ready
(-1, -3, -2, -4, -2, -2, -1, -1) ,Ready
(-1, -1, 2, 0, -1, -2, -1, 0) ,Ready
(-1, -2, -1, 0, 0, 0, 0, 1) ,Ready
(0, -2, -1, -1, -2, 0, -1, -1) ,Ready
(-1, 0, 0, 0, 0, -1, 0, -2) ,Ready
(0, -2, 0, -1, -1, -1, -4, -2) ,Ready
(-2, -1, -1, -1, -2, -2, -3, -1) ,Ready
(-1, 1, -1, -1, -3, -2, 0, -2) ,Ready
(-2, -1, -1, -2, -1, -1, -3, -2) ,Ready
(0, 0, -1, -1, 0, -1, 0, 1) ,Ready
(-1, -3, -4, -2, -2, -2, -2, -1) ,Ready
(1, -1, -2, 0, 0, 0, -1, -1) ,Ready
(0, 0, -1, -2, -1, -3, -3, 0) ,Ready
(0, -2, -1, 1, -3, -1, -1, 0) ,Ready
(2, -1, 1, 0, 0, 0, -2, 0) ,Ready
(-4, -2, -1, -2, -2, -2, -1, 0) ,Ready
(-2, -2, -3, 0, -1, -3, 0, 0) ,Ready
(-1, 1, -1, -1, -1, -1, -2, -1) ,Ready
(-1, -1, -1, -2, 0, 0, -1, -3) ,Ready
(-1, -2, -1, -1, -3, -1, -2, 0) ,Ready
(-1, 1, 2, 0, -1, 0, -1, -2) ,Ready
(-3, -4, -4, -3, -1, 0, -1, -3) ,Ready
(-2, 1, 1, -1, 0, 0, 0, 0) ,Ready
(-1, -4, -3, -1, -1, 0, -1, -3) ,Ready
(0, -1, 1, -1, 0, 1, 0, 0) ,Ready
(0, 0, -1, -1, -2, 0, -1, 2) ,Ready
(0, 0, -2, -1, -2, -1, 0, -1) ,Ready
(-1, -1, -4, -1, 0, -1, -1, -1) ,Ready
(0, 1, -1, 0, -3, -2, 1, -1) ,Ready
(-3, -2, -2, -2, 0, -1, -1, -2) ,Ready
(0, -1, -1, -1, -3, -2, -1, 0) ,Ready
(0, 0, -1, -1, -1, 0, -3, -1) ,Ready
(-2, 1, -1, 0, -1, 0, 0, 0) ,Ready
(0, -1, 0, -1, 1, 0, 1, 0) ,Ready
(0, -1, -1, -2, 0, -2, -2, 0) ,Ready
(1, 0, 0, -1, -2, 1, -1, -1) ,Ready
(-1, -3, -5, 0, -2, -2, -2, -1) ,Ready
(-1, -1, -3, -2, -3, 0, -1, -1) ,Ready
(-3, 1, 0, -2, 0, -1, -1, 0) ,Ready
(0, -2, -2, 0, -2, -2, -2, -2) ,Ready
(-3, -3, -4, -1, -1, -2, -1, -2) ,Ready
(0, -1, -2, 0, 0, -1, -1, -1) ,Ready
(-1, -2, -1, -2, -1, 0, -3, 0) ,Ready
(-1, -1, 0, -2, -1, -2, -1, 1) ,Ready
(-1, 0, 1, 0, -2, 1, 1, -1) ,Ready
(-2, -2, -3, -2, -1, -1, -1, -2) ,Ready
(-2, -1, -1, 0, 1, 0, -2, -2) ,Ready
(-2, -1, -1, -2, 0, -3, 0, 0) ,Ready
(-1, -3, 0, -2, -1, 0, 0, -2) ,Ready
(-3, -1, -2, -1, -1, 1, -2, -1) ,Ready
(0, 0, -1, 0, 0, -1, -2, 0) ,Ready
(-1, -1, 0, -1, -1, 0, -1, -2) ,Ready
(0, 0, -3, -3, -1, -2, 0, -2) ,Ready
(-1, -1, -2, 0, -3, -2, 0, -2) ,Ready
(-1, -3, 1, -1, -1, -1, -1, -1) ,Ready
(-1, -1, -1, -3, -1, -1, -2, 0) ,Ready
(-1, -1, -1, -2, 0, -2, -1, -1) ,Ready
(-2, -1, 0, -1, 0, -1, -1, -2) ,Ready
(-2, -1, 0, -2, -2, -1, 0, 0) ,Ready
(-1, -2, -1, -1, -1, -1, -2, 0) ,Ready
(0, 0, -1, 0, -2, -1, -1, -2) ,Ready
(0, -1, -1, -1, 0, -2, -1, -3) ,Ready
(-2, -3, -2, -2, -2, -1, -1, -2) ,Ready
(-1, 0, 0, 0, 0, -1, 0, -1) ,Ready
(0, -2, -3, -3, -2, -1, 0, 0) ,Ready
(0, -3, -3, -1, -3, 0, -1, 0) ,Ready
(0, -2, -2, -1, -2, -2, -3, -2) ,Ready
(0, 1, 0, -2, 1, -3, -1, 0) ,Ready
(-1, -1, -1, 0, 1, -1, 0, 0) ,Ready
(-1, -1, -2, -4, -1, -1, 0, 0) ,Ready
(-2, -1, 1, -4, -1, -1, -1, -1) ,Ready
(-2, 0, 1, 0, -4, -1, 0, 0) ,Ready
(-1, 0, 1, 1, -1, -2, 0, -1) ,Ready
(-1, -2, -2, -1, 0, 0, -1, -2) ,Ready
(0, 0, 0, 1, 0, -1, -2, 0) ,Ready
(-2, -1, -3, -2, 0, -2, -1, -3) ,Ready
(0, 0, -1, 0, -1, 0, -1, -3) ,Ready
(-2, 0, 1, -1, -2, 0, 1, -2) ,Ready
(-1, -2, 0, -1, -2, -3, 0, -1) ,Ready
(-1, -1, -2, 0, 0, 0, -1, -1) ,Ready
(-1, -2, -2, -2, -2, -1, -3, -2) ,Ready
(-1, 0, 0, -2, 0, -2, 0, -2) ,Ready
(-2, -2, -3, -2, 1, -1, -1, -2) ,Ready
(-2, 0, -3, 0, 1, 1, -1, -1) ,Ready
(-1, 0, 0, -1, -2, -1, 0, -1) ,Ready
(-2, 0, -2, 0, -2, -4, -3, -1) ,Ready
(0, 0, -1, -1, 0, 0, 0, -1) ,Ready
(0, -2, -3, -5, -2, -3, -2, -2) ,Ready
(-2, -2, -1, -2, -3, -1, -1, -2) ,Ready
(0, -1, -1, 0, -1, 1, -1, -1) ,Ready
(-1, 1, -1, -1, -1, -1, 0, -1) ,Ready
(-1, 0, 0, 0, -1, -1, 1, -1) ,Ready
(-1, 0, -2, -3, -1, -1, -1, -1) ,Ready
(-2, -2, -1, -1, -2, -2, 0, 0) ,Ready
(0, -2, 0, 0, -2, 0, -1, -1) ,Ready
(-2, -2, 0, -1, -2, 0, 0, 0) ,Ready
(0, 0, 1, 0, 0, -1, -1, -1) ,Ready
(-2, -1, -2, -1, -1, -1, -2, -1) ,Ready
(-1, -1, -3, -4, 1, -1, -2, -2) ,Ready
(0, -3, 1, 1, -1, -1, -2, -2) ,Ready
(-2, -2, -1, 0, 1, 0, 0, -1) ,Ready
(-1, -1, 0, -1, -3, 0, -1, 0) ,Ready
(-1, 0, 1, -2, -3, -2, -1, -1) ,Ready
(-1, -2, -2, 0, -1, -1, -2, -1) ,Ready
(-1, -1, -2, 1, -1, -1, -2, 0) ,Ready
(-1, 0, -1, -3, -2, -1, 0, -2) ,Ready
(-1, -1, 0, -1, -2, -2, -1, 0) ,Ready
(1, -2, -1, -2, -2, -1, -2, -1) ,Ready
(-1, -1, -2, -1, -2, -2, -1, -1) ,Ready
(-1, -1, -4, -2, -2, -1, -1, -2) ,Ready
(-2, -3, 0, 0, 0, -2, -1, 0) ,Ready
(0, 0, 0, -1, 0, -1, -3, -1) ,Ready
(-2, -2, 0, -1, 0, 1, -2, 1) ,Ready
(-1, -1, -1, -1, 1, -1, -1, 0) ,Ready
(-1, 0, 0, 0, -1, -2, -2, -1) ,Ready
(0, -2, -1, -2, -2, -1, -1, 0) ,Ready
(-1, -1, -1, 0, -2, -2, -1, 0) ,Ready
(0, -2, -3, -3, 1, -1, -1, -1) ,Ready
(-2, -1, -2, 0, -1, -1, -1, -2) ,Ready
(0, 1, -2, -2, 1, 1, -1, 0) ,Ready
(0, 1, -2, -1, -2, -1, 0, -1) ,Ready
(-2, 0, 0, -1, -1, -2, 0, -1) ,Ready
(-2, -2, -1, 0, 0, -2, -3, -1) ,Ready
(-1, -1, 0, 0, -2, -2, -1, -1) ,Ready
(-1, -2, -1, -1, -1, -2, -2, -2) ,Ready
(-1, -1, -2, 0, 0, -3, 0, -1) ,Ready
(0, 1, -1, -3, 0, -1, -2, -1) ,Ready
(-2, 1, -1, -2, -1, 0, 0, -1) ,Ready
(-2, 1, 0, -2, -1, 0, 0, 0) ,Ready
(0, 0, -1, 2, 0, 1, -2, -2) ,Ready
(-1, -3, -5, -4, -2, -2, -1, 1) ,Ready
(-1, 0, -3, -1, -2, -2, -2, -2) ,Ready
(0, -1, -1, -2, 0, -1, -2, -2) ,Ready
(0, 0, -1, -2, 0, -3, 1, -2) ,Ready
(-1, 1, 1, 0, 0, -1, -1, -2) ,Ready
(-1, -1, -1, 0, 0, -2, -2, -1) ,Ready
(-1, 0, -2, -2, -1, -2, -1, -1) ,Ready
(-1, -2, -2, 0, -2, -1, -2, 0) ,Ready
(-2, 0, 3, 1, -3, -2, -3, 0) ,Ready
(1, -2, -2, -2, -1, -2, 0, -1) ,Ready
(-1, -4, -2, -1, 0, -2, -1, -1) ,Ready
(-1, 1, -1, -2, 1, -1, -1, -1) ,Ready
(1, 0, 0, 0, -1, -2, 1, -2) ,Ready
(-1, -2, 0, 0, -2, 0, -1, -1) ,Ready
(0, 0, 0, 0, -2, -2, -3, -2) ,Ready
(-1, -2, -3, -1, -1, 1, -2, -2) ,Ready
(-1, -1, 0, -2, -2, 0, 0, 0) ,Ready
(-2, 0, -1, -1, -2, -1, 0, 0) ,Ready
(-2, -3, -2, 1, 0, 0, 0, -1) ,Ready
(-2, -2, 0, 0, -2, -1, -3, -1) ,Ready
(-2, -1, -2, 0, 0, -3, 1, 0) ,Ready
(-2, -1, -1, -1, -2, -1, -2, -2) ,Ready
(0, -1, -1, -1, -1, -1, 0, -2) ,Ready
(0, 0, -1, -4, -3, -2, 0, -1) ,Ready
(-2, 0, 0, -2, 0, -2, 1, -1) ,Ready
(-2, 0, 0, -1, -3, -1, -3, -1) ,Ready
(-3, -2, -1, -2, -2, 0, 0, 1) ,Ready
(0, 0, 1, -1, -1, -1, -2, -3) ,Ready
(0, -2, -2, 1, -1, 0, 2, -1) ,Ready
(-1, 0, -2, -3, 0, -2, -2, -1) ,Ready
(-1, 0, 0, -1, -1, 0, -2, -2) ,Ready
(0, -1, -2, -1, -1, -1, -2, -2) ,Ready
(-2, -1, 0, -1, 0, -1, -2, -2) ,Ready
(-1, -1, -1, -2, 0, -1, 0, 0) ,Ready
(0, -1, -3, -2, 0, 1, -1, 0) ,Ready
(0, -2, -3, -1, 1, -2, 0, 0) ,Ready
(-1, -2, -2, -2, 0, -2, -2, -1) ,Ready
(-2, -2, -1, 1, -1, -2, -2, -2) ,Ready
(-1, 1, 1, -1, 0, -2, -1, -1) ,Ready
(-2, -4, -3, -3, -4, -2, -1, -2) ,Ready
(-2, 0, 2, 0, 0, -3, 0, 1) ,Ready
(0, -3, -1, 1, 0, -1, 1, 1) ,Ready
(-1, -1, -1, -1, 0, 0, 0, 0) ,Ready
(-2, -1, 1, -1, -2, -1, -2, -1) ,Ready
(-2, -2, -1, -2, -1, -1, 0, 0) ,Ready
(-1, -2, 0, -2, -2, -1, -1, -2) ,Ready
(-1, -2, -2, -1, -2, -1, -2, 0) ,Ready
(-1, -1, -1, 0, -1, -1, 0, 1) ,Ready
(0, -2, -2, -3, -3, -3, -3, -1) ,Ready
(0, -1, 1, -1, 0, -1, -2, 0) ,Ready
(-1, -1, -3, -2, -3, -2, -1, -2) ,Ready
(-1, -1, -1, 1, 0, 0, 1, 0) ,Ready
(-1, -2, 0, 0, -2, 0, -2, -1) ,Ready
(0, -1, -1, 0, 0, -2, 1, -2) ,Ready
(1, 0, 0, 1, -1, -1, -2, -2) ,Ready
(0, 0, -1, -1, 0, 0, 0, -1) ,Ready
(-2, -1, 0, -2, -2, -1, 0, 0) ,Ready
(-1, 2, 2, 0, -1, 0, -1, -2) ,Ready
(-1, -5, -4, -3, -2, -2, -1, -1) ,Ready
(-1, 0, -1, 0, -1, -1, -2, -1) ,Ready
(-1, -2, -3, -3, -2, 0, -1, 0) ,Ready
(-1, 1, -1, 0, 0, 0, -1, -1) ,Ready
(-3, -1, 0, 0, 1, 1, -2, -1) ,Ready
(-2, 0, -2, 0, -1, 0, -1, -3) ,Ready
(-1, -1, 1, 2, 1, -2, -3, -4) ,Ready
(-1, -1, -2, -7, -4, -2, 0, -2) ,Ready
(-2, -2, -2, -1, 1, -2, 2, -2) ,Ready
(-1, -1, -1, -2, 0, -1, -1, -2) ,Ready
(-1, 0, 0, -2, 0, 0, 1, 1) ,Ready
(-1, -1, 0, -1, -3, 0, 0, 1) ,Ready
(-1, -1, 0, 1, -2, 0, -2, 0) ,Ready
(-2, -2, -2, 0, -2, -2, -1, -2) ,Ready
(-1, -1, -3, -1, -1, -2, -2, -2) ,Ready
(-2, -2, -2, 1, 1, -1, -1, -2) ,Ready
(-2, 1, 1, -2, -1, -1, 0, -1) ,Ready
(0, -1, -1, -1, -1, -1, -2, 0) ,Ready
(0, 0, -1, -3, -1, -2, 0, -1) ,Ready
(-2, -2, -3, -2, 0, -1, -2, 0) ,Ready
(-1, -1, -2, 1, -1, 0, -1, -1) ,Ready
(-3, -1, -2, -2, -2, -2, -1, -1) ,Ready
(-1, 0, 0, 2, -2, -2, -1, -1) ,Ready
(-1, -1, -1, 0, -2, -1, -2, -3) ,Ready
(0, 0, -1, -1, -1, -1, -2, 1) ,Ready
(-3, -1, -1, -2, 0, -2, -1, -1) ,Ready
(-2, -1, 0, 1, -2, -1, -2, -1) ,Ready
(1, -1, -1, -3, -2, -1, -2, -1) ,Ready
(-1, -3, -1, 0, -1, 1, -1, -2) ,Ready
(-1, -2, -3, -1, -1, -1, -3, -1) ,Ready
(0, -2, -1, -1, -1, 1, -2, -1) ,Ready
(-2, -1, -1, 2, 0, -1, -2, 0) ,Ready
(-2, -2, -1, -2, -1, -3, 1, -2) ,Ready
(-3, 0, -2, -1, -1, 0, -1, -1) ,Ready
(0, -3, -1, -2, -1, -2, -1, 1) ,Ready
(-1, -1, -1, 0, -2, 0, -1, -1) ,Ready
(-1, -1, -2, -1, -1, -2, -2, -1) ,Ready
(1, -2, 0, 2, -1, -1, 1, -2) ,Ready
(-1, 0, -1, 0, 0, -3, -1, 0) ,Ready
(0, 0, 1, 1, 0, -1, 0, -2) ,Ready
(0, -1, -3, -1, -3, -1, -2, 0) ,Ready
(1, 1, 0, 0, -1, -1, -3, -1) ,Ready
(0, -2, -3, 0, -2, -1, 0, -2) ,Ready
(0, -3, -3, -3, -2, 1, -3, -2) ,Ready
(1, 0, 0, -2, -1, -1, 0, -1) ,Ready
(-2, -2, -1, 0, -2, -2, 0, -1) ,Ready
(-1, -1, 1, 1, 0, -1, -1, 0) ,Ready
(-2, -3, -4, -2, 0, 0, 0, 0) ,Ready
(-1, 0, -1, -1, 1, 0, -1, -1) ,Ready
(0, -1, -1, -1, 0, 0, -2, 0) ,Ready
(-1, 0, -2, 0, 0, 0, -2, 0) ,Ready
(-1, -1, 0, -3, -1, 1, 1, 0) ,Ready
(-2, -2, -1, -1, -2, -1, -1, 0) ,Ready
(0, 2, 0, 0, -1, 0, -2, -1) ,Ready
(-1, -2, -2, 1, -1, 1, 0, -1) ,Ready
(-3, -2, -4, 0, -2, -2, -2, -1) ,Ready
(-2, -2, -1, -2, -1, 0, -1, -3) ,Ready
(-1, -1, -2, -1, -1, -1, -3, -1) ,Ready
(0, -1, 1, -1, -1, -2, 0, 0) ,Ready
(-2, -1, -2, -1, -2, 0, 1, 0) ,Ready
(-2, -1, 2, 0, 2, -1, -2, -1) ,Ready
(-1, -3, -2, -1, -3, -3, 1, -1) ,Ready
(-1, -1, -2, -1, -2, 0, 0, -2) ,Ready
(-2, -1, -2, -1, 0, -2, -1, -2) ,Ready
(1, -1, 2, 0, 0, -1, -2, 0) ,Ready
(0, -1, -1, 0, -2, -2, -1, 0) ,Ready
(0, 1, -1, -1, -2, 0, -2, -2) ,Ready
(-2, -2, -1, -2, 0, -2, 1, -2) ,Ready
(-1, -2, -1, 0, -2, -1, -1, -2) ,Ready
(-1, -1, 0, -1, -1, 0, -1, -1) ,Ready
(-1, -2, -2, -2, -2, -2, 0, 0) ,Ready
(0, -2, -2, 0, -2, 1, 1, -2) ,Ready
(0, -1, -2, -1, 0, -1, 0, 1) ,Ready
(-2, -2, -2, -2, -1, -1, -3, -1) ,Ready
(-1, -1, -1, 2, 0, -1, -2, 0) ,Ready
(-1, -1, -1, 1, 0, 1, -2, -1) ,Ready
(0, 1, -2, -2, -2, 0, -1, -2) ,Ready
(-1, 1, 1, 0, 0, -2, -2, -1) ,Ready
(0, 1, 1, 0, -2, -2, -3, 0) ,Ready
(-2, 1, -2, -3, -1, -2, -3, -1) ,Ready
(-1, -2, -5, -1, 0, 0, 0, -1) ,Ready
(-2, -1, -1, -2, -1, -1, 0, -3) ,Ready
(-1, -2, 1, 0, 0, -2, -1, -1) ,Ready
(-1, -1, 0, 0, -1, -1, -1, -2) ,Ready
(1, 2, 0, -2, -3, -3, -1, 0) ,Ready
(0, -2, -3, -2, -3, -1, 1, 0) ,Ready
(-1, 0, 0, -1, 0, -1, -2, 0) ,Ready
(-1, -2, 0, -2, -2, -1, -2, -1) ,Ready
(-1, -1, 2, 1, 0, -2, -1, -2) ,Ready
(-2, -2, -2, -1, 0, -2, -2, -1) ,Ready
(-1, 0, 0, 0, 0, -1, 0, -1) ,Ready
(-1, -2, 0, -1, -1, 0, -2, 0) ,Ready
(-2, -1, -3, -2, -2, 2, -2, -1) ,Ready
(0, 0, 1, -1, -1, -2, -1, 0) ,Ready
(-4, -1, -1, -2, -1, -2, -2, -2) ,Ready
(-2, -1, -1, -2, -2, -1, 0, -1) ,Ready
(-1, -2, -1, -1, -1, 0, 0, 1) ,Ready
(-2, -2, -1, -1, -1, -1, -2, -2) ,Ready
(-1, -1, -1, -2, 0, -1, -1, -1) ,Ready
(0, 1, 1, -1, -1, -1, -1, -2) ,Ready
(0, -1, -1, -4, -2, -1, -1, -1) ,Ready
(0, -2, 0, -1, 0, 0, 0, 0) ,Ready
(-1, -3, 1, -1, -2, -1, 1, -1) ,Ready
(0, 2, -1, -1, -1, 1, -1, 0) ,Ready
(-2, -2, -1, 1, 0, 0, -2, 0) ,Ready
(-1, -1, -3, -1, -1, -2, -2, -1) ,Ready
(0, 0, 0, -2, -1, -2, -2, -2) ,Ready
(-1, -1, 0, -1, -1, -2, 0, -2) ,Ready
(-2, 0, -3, -2, -3, -1, -2, -3) ,Ready
(-2, -2, -2, -2, -2, -3, 0, -3) ,Ready
(1, -2, 0, -2, -1, -2, -1, -1) ,Ready
(-2, -2, -1, 0, -2, 0, -1, -1) ,Ready
(0, 0, 1, 1, 0, -1, -1, -2) ,Ready
(-2, -2, -3, -3, -3, -1, -2, -2) ,Ready
(-1, 0, 2, 0, -1, 0, 0, -1) ,Ready
(1, -2, -2, -2, -1, -2, -2, 0) ,Ready
(-1, -2, -2, -2, -2, -2, -1, 0) ,Ready
(-1, 0, 0, 2, 0, 1, 1, 0) ,Ready
(-2, 0, 0, 0, -1, 1, -3, 0) ,Ready
(-2, -2, -3, -1, -2, -1, 0, -1) ,Ready
(-1, -2, 1, 0, 0, 0, -2, -1) ,Ready
(-1, 1, -1, -2, 1, -2, -1, -1) ,Ready
(1, -1, -4, -1, -1, -1, 0, -1) ,Ready
(-1, -1, -2, 0, -1, -1, 0, -2) ,Ready
(-1, -2, -2, 0, -1, -1, 0, -2) ,Ready
(-2, -1, -1, -2, 0, -1, -2, -1) ,Ready
(-1, 0, -1, -2, -2, -1, -1, -1) ,Ready
(-2, 1, 0, -1, -2, 0, -1, -2) ,Ready
(-1, -1, -1, -1, -3, 0, 0, -1) ,Ready
(-1, -2, -2, 0, -1, 0, -2, -2) ,Ready
(-2, 0, 1, 0, 0, -2, 0, -1) ,Ready
(-2, -2, 0, 1, 1, -2, 0, -2) ,Ready
(-1, -1, 0, -2, 0, -1, 0, 0) ,Ready
(-2, 0, 0, 0, -1, -2, -3, -1) ,Ready
(-3, -2, -2, -3, -3, -3, 0, -2) ,Ready
(-1, 0, -2, -1, 1, -2, -1, -1) ,Ready
(-2, -1, -3, -1, -2, -2, -2, -3) ,Ready
(0, -3, -1, -1, -1, -2, 1, -1) ,Ready
(0, -1, -1, 0, 0, -1, -1, -1) ,Ready
(-1, -1, 1, 0, -1, -2, -1, -3) ,Ready
(-1, -3, -1, -2, 0, -1, 0, -1) ,Ready
(0, 0, -1, -1, -2, 0, -1, -1) ,Ready
(-1, -2, -2, 0, -1, -1, -1, 1) ,Ready
(-2, -2, -4, -2, -1, -1, 1, -2) ,Ready
(0, -1, -2, -1, 0, -1, -2, -2) ,Ready
(-1, -1, -2, -1, -1, 0, 0, -1) ,Ready
(0, -1, -1, -2, -1, 1, -2, -2) ,Ready
(-2, -1, 1, -1, -2, 2, -1, -1) ,Ready
(-1, -1, -1, 1, 0, -1, -2, -2) ,Ready
(-1, -1, 1, -1, -2, -2, -1, -1) ,Ready
(-2, -3, -1, -1, 0, -2, -1, -1) ,Ready
(-2, 2, 0, -1, -2, 0, -1, -1) ,Ready
(-2, 0, 2, 0, -1, -1, -1, -1) ,Ready
(0, -1, -2, 0, 0, 0, -1, 0) ,Ready
(1, 0, -2, -2, -4, -1, 0, -1) ,Ready
(-2, -4, -1, -3, -1, -1, -2, -2) ,Ready
(0, -2, -3, -1, -2, 0, 0, -1) ,Ready
(-2, 0, 0, 2, 1, -1, -1, -2) ,Ready
(-2, 0, 0, -1, -1, -1, -1, -2) ,Ready
(-1, 1, -2, -2, 0, -1, -2, -1) ,Ready
(0, 1, -2, -3, -1, -1, -2, -2) ,Ready
(-1, -4, -3, -1, -1, -3, -1, -2) ,Ready
(-2, 0, 1, 0, -1, -1, -1, 0) ,Ready
(1, 0, 0, 0, 0, -2, -1, 0) ,Ready
(-2, -1, 0, 0, 0, -1, -1, 0) ,Ready
(-1, 2, -1, -1, -1, -1, -2, -1) ,Ready
(-1, -1, -2, -2, 0, -1, -1, -1) ,Ready
(-1, -2, -2, 0, -1, 0, -2, 0) ,Ready
(-1, -1, 0, 0, -1, -1, -1, 0) ,Ready
(-2, -2, -1, -2, -3, 0, 1, -2) ,Ready
(-2, -2, 0, -1, -1, -2, -3, -1) ,Ready
(-1, -1, 0, 0, -3, -2, 0, -2) ,Ready
(-1, -1, -2, -1, -1, 0, -1, -1) ,Ready
(-1, 0, -1, -1, 0, -1, -1, -1) ,Ready
(-2, -1, 0, -1, 0, 0, -1, 0) ,Ready
(0, -4, -2, 1, 0, -1, -2, -3) ,Ready
(-1, -2, -3, -1, -1, -1, -1, -2) ,Ready
(-1, 0, 0, -2, -2, -1, 0, -1) ,Ready
(0, 0, -1, -1, -1, -1, 0, -1) ,Ready
(-1, -2, -4, -2, -2, -2, -2, 0) ,Ready
(0, -1, -1, 0, -1, -1, 0, -3) ,Ready
(-3, -3, -1, -2, 0, -1, -3, -2) ,Ready
(-1, -2, 0, 1, 0, -3, -2, -1) ,Ready
(-1, 1, -1, -1, 0, 2, -3, 0) ,Ready
(0, 0, -2, -1, -1, -3, -3, -1) ,Ready
(-1, -1, -2, -3, -1, -4, -1, -2) ,Ready
(-2, -1, -1, -1, 1, 0, 0, -1) ,Ready
(-1, -3, -1, -2, -3, -3, -2, -2) ,Ready
(0, 0, 1, 1, 0, 0, -2, 0) ,Ready
(0, 0, 0, -1, 0, 0, -1, -2) ,Ready
(0, 0, -1, -1, -1, -2, 0, -2) ,Ready
(0, 1, 1, 0, 1, 0, 1, -1) ,Ready
(-2, -2, -2, -3, -3, 0, -1, -2) ,Ready
(-1, -2, -3, -2, -3, -1, 0, 1) ,Ready
(-2, -2, -1, -1, 0, 1, -1, -2) ,Ready
(-1, 1, -1, -1, -1, -1, 0, 1) ,Ready
(-4, -2, -3, 1, -1, -2, -1, -1) ,Ready
(-3, -1, 0, 1, -1, -3, -3, -1) ,Ready
(-1, -2, -3, -3, -4, -2, -3, -1) ,Ready
(0, 0, -1, -2, -2, -1, 2, 0) ,Ready
(0, 0, 0, -1, -1, 0, -2, -1) ,Ready
(-2, -1, -1, -2, -1, 0, -2, -2) ,Ready
(-1, -2, 1, -1, 0, -2, -2, -1) ,Ready
(-1, -1, -1, 0, -1, -1, -2, -2) ,Ready
(-1, -1, -2, -2, -1, -1, 0, -2) ,Ready
(0, -1, -1, -3, -2, 0, -1, -1) ,Ready
(-1, -2, 0, -2, 0, -2, 1, -2) ,Ready
(0, -1, 1, -1, 0, 0, 0, -1) ,Ready
(0, -1, -1, -1, -2, -1, 0, -1) ,Ready
(-1, -1, 0, 0, 0, 0, -2, -1) ,Ready
(-2, -3, -4, -1, -3, -1, 0, -2) ,Ready
(-1, -1, 1, 1, 0, -1, -2, 0) ,Ready
(-1, 0, -2, -2, -2, -2, -1, -1) ,Ready
(-2, -3, -1, -1, -1, -1, 0, 0) ,Ready
(0, 1, 2, -1, -1, 0, 1, 0) ,Ready
(-2, -2, -3, -2, -2, -1, -1, -3) ,Ready
(-2, -1, 0, 0, 0, 0, -1, 0) ,Ready
(1, -1, -1, 2, -1, -2, -2, -1) ,Ready
(-2, 2, -1, 0, 1, 0, 0, 0) ,Ready
(0, -2, -3, -4, -2, -2, -1, -3) ,Ready
(-1, -1, 0, -2, -2, -1, 0, 0) ,Ready
(-1, -2, -1, -1, -2, -2, -1, -1) ,Ready
(0, -1, 0, -1, -1, -1, -2, 0) ,Ready
(-2, 1, -2, -1, 0, -2, -3, -2) ,Ready
(0, 0, -1, 0, 0, 1, -1, -1) ,Ready
(-2, -2, 0, -2, -1, -1, 1, -1) ,Ready
(-2, -4, -4, -1, -1, -1, -1, 1) ,Ready
(0, -3, -1, -2, -1, -2, -1, -1) ,Ready
(-2, -1, -2, -3, 0, 0, -1, 0) ,Ready
(-2, 0, -2, -1, -1, -1, -2, -2) ,Ready
(-1, -1, 1, 0, -2, -1, -2, -1) ,Ready
(0, 0, -1, -1, -1, -1, -2, 0) ,Ready
(0, 0, -1, 0, -2, -3, -1, -1) ,Ready
(-1, 0, 0, -2, 0, -1, 0, -2) ,Ready
(-1, -1, -2, -2, -1, -2, 0, -2) ,Ready
(-1, -1, -2, -2, 0, -2, -1, -2) ,Ready
(0, -1, 0, 1, -2, -1, -2, -1) ,Ready
(0, 0, -3, 2, -1, -2, -2, -1) ,Ready
(-1, -2, 0, -2, -2, -2, -1, 0) ,Ready
(-2, -2, -3, -2, -2, 0, -2, -1) ,Ready
(-2, 0, -1, -2, -1, -1, -1, -1) ,Ready
(-2, -2, -1, -2, -1, -2, -2, -1) ,Ready
(-1, -1, 0, -2, -2, -2, -2, -1) ,Ready
(-1, -3, -2, -2, 0, 0, -1, 0) ,Ready
(0, 0, 0, 0, 1, 0, -1, -4) ,Ready
(-2, -3, -5, -3, -1, -2, -2, -1) ,Ready
(-1, 0, -1, -1, -2, -2, -1, -1) ,Ready
(-1, 0, 1, -1, -1, -2, -1, -1) ,Ready
(-1, -1, -1, -3, -3, 0, -1, 0) ,Ready
(-2, -1, 0, -1, -2, -2, -1, -1) ,Ready
(-1, -1, -1, -1, 0, -1, -1, -1) ,Ready
(-2, 1, -1, -2, -1, -1, -2, -1) ,Ready
(-1, -1, -2, 1, -3, -1, -2, -1) ,Ready
(-1, -1, -2, 0, -1, 0, -2, 0) ,Ready
(0, 0, 0, 0, -1, -1, -3, -3) ,Ready
(-1, -2, -2, -1, -2, -2, -1, -1) ,Ready
(0, -1, -2, -2, 0, -2, -1, -1) ,Ready
(-2, -1, 0, 0, 1, -2, 1, -1) ,Ready
(-2, -1, 0, 1, -1, -1, 0, 0) ,Ready
(-2, -1, -2, 2, 0, -3, -2, 0) ,Ready
(-1, 0, -1, -2, 0, 1, -1, 0) ,Ready
(0, 0, 0, -1, -1, -1, -3, 1) ,Ready
(-1, -1, 0, -1, 0, 1, -1, -1) ,Ready
(-1, -2, -1, 0, -1, -2, -2, -1) ,Ready
(-1, -2, -3, -2, -2, -2, -2, -2) ,Ready
(0, 0, -2, 0, -1, -2, 0, -1) ,Ready
(-1, -1, -1, -1, -1, -2, -1, -1) ,Ready
(-1, -2, -2, -2, -2, 0, 1, -1) ,Ready
(-1, -2, 0, -1, 1, 0, 1, -1) ,Ready
(-1, -1, -1, -2, -1, 0, -2, -3) ,Ready
(-1, -2, -1, -1, -2, -3, 0, -2) ,Ready
(0, 0, -1, 0, 0, 0, 1, -3) ,Ready
(-3, -3, -5, -4, -3, 0, 0, -1) ,Ready
(-1, 1, 2, -1, -1, -2, -2, 0) ,Ready
(0, -2, -2, -3, -1, -1, 0, -1) ,Ready
(0, -1, -1, 1, -1, -1, -3, 0) ,Ready
(-1, -1, -2, 0, -3, -2, -1, -2) ,Ready
(-1, -1, -2, -1, -1, -2, 2, 1) ,Ready
(0, 0, -1, -1, 0, 1, -1, -1) ,Ready
(-2, -1, -1, -2, -2, 0, -1, -1) ,Ready
(0, -1, -1, -1, 1, 0, 0, 0) ,Ready
(-3, -2, 0, -1, -3, -3, -1, -3) ,Ready
(-2, 0, -1, -1, -1, -2, -3, -1) ,Ready
(-2, -1, -1, -1, -1, 0, 2, -2) ,Ready
(1, 1, 0, 0, -1, -1, -1, -1) ,Ready
(0, -2, -3, 0, -2, 0, -1, -1) ,Ready
(-1, -2, -1, -2, -1, -1, 0, -1) ,Ready
(0, -2, -1, -3, -2, -1, -2, -2) ,Ready
(-2, -3, 0, 0, -2, -3, 0, -1) ,Ready
(-1, 0, -1, -1, 1, -2, 1, -1) ,Ready
(-1, 0, -1, 0, -2, -1, -2, -1) ,Ready
(-1, -1, -1, 0, -1, -1, -2, 0) ,Ready
(-1, -2, -3, -3, 0, -1, -1, -3) ,Ready
(-2, -1, -1, -2, -1, -1, -2, -1) ,Ready
(-1, -1, -1, -3, -2, 1, 0, 1) ,Ready
(-1, -1, 0, 0, -1, 0, -1, -1) ,Ready
(-1, 3, 1, -1, -1, -1, -2, -3) ,Ready
(-1, -2, -1, -1, -1, 0, 0, -2) ,Ready
(0, -1, -1, -1, 0, 0, 0, -2) ,Ready
(1, 0, 1, -2, -2, -2, -1, -1) ,Ready
(-1, -1, -2, 0, -2, 0, -2, 0) ,Ready
(-2, -3, -4, -1, -3, -2, -1, -3) ,Ready
(0, -1, 0, 0, -1, -1, -1, -1) ,Ready
(0, -1, 0, -2, 0, -1, -1, -1) ,Ready
(-2, -1, -1, -1, -2, 1, -2, -3) ,Ready
(-1, 1, -1, -2, -3, -2, -1, -1) ,Ready
(-1, -1, -2, -2, 0, -1, -1, 0) ,Ready
(-1, 0, -2, -1, -1, -2, -3, -1) ,Ready
(-1, 0, 0, -1, -1, -1, 0, -2) ,Ready
(0, -1, 0, -1, -1, 1, 0, -1) ,Ready
(0, 0, -1, -1, -1, -1, -1, -2) ,Ready
(0, 0, -1, 0, 0, 0, -1, -1) ,Ready
(0, -1, 1, -1, -2, -2, -3, -2) ,Ready
(-1, -1, -2, 0, -1, -1, 1, 0) ,Ready
(0, -3, -3, 0, -2, -1, -1, -1) ,Ready
(-1, -2, -1, -1, -2, -1, -1, -2) ,Ready
(0, -3, -3, -1, -1, -1, -1, -3) ,Ready
(-1, 1, 0, -2, 1, 0, 1, -1) ,Ready
(-1, -3, -1, 0, -3, -2, -4, 0) ,Ready
(-2, -3, 0, 0, 0, -2, -1, 0) ,Ready
(-1, 0, -2, -1, -1, -3, 0, -1) ,Ready
(-3, 0, -1, -1, -1, -2, -2, -1) ,Ready
(-2, -3, -2, -1, -1, -1, 0, -1) ,Ready
(-2, 0, -2, 0, -1, -1, -3, -2) ,Ready
(-2, -1, 2, 0, -2, -2, -2, -2) ,Ready
(-2, -3, -2, -2, -2, -3, -1, -1) ,Ready
(-1, 0, -1, -1, -1, -1, -2, -1) ,Ready
(0, -2, 0, -2, -1, -2, -1, -1) ,Ready
(-1, 0, 0, -2, 0, -1, -2, -1) ,Ready
(-1, -1, 0, 2, -1, -1, -2, 0) ,Ready
(-1, 0, -1, -1, -1, -1, 0, -1) ,Ready
(-1, -1, -2, -2, -4, -1, 1, -3) ,Ready
(-2, -4, -6, -4, -2, -1, 1, -1) ,Ready
(-1, -1, 0, -3, -2, -1, -1, -3) ,Ready
(-1, 0, -1, -1, -2, -1, -2, -1) ,Ready
(-1, -1, -1, 0, -1, -2, -2, -1) ,Ready
(-1, -1, 0, 0, 1, -1, -1, 0) ,Ready
(-1, -1, -1, 0, -2, -2, -1, -2) ,Ready
(-1, -1, -2, -2, 1, -1, -3, -3) ,Ready
(-1, 0, 1, 0, -1, 0, -2, -2) ,Ready
(1, -1, -1, 0, -1, 0, -3, -2) ,Ready
(-1, -2, 1, 1, 0, -1, -1, 0) ,Ready
(-1, 0, -2, -1, 0, -1, 0, -3) ,Ready
(-1, -1, 1, 0, -1, 1, -1, -1) ,Ready
(-3, -2, -3, -1, 0, 1, -1, -1) ,Ready
(-1, -3, -4, -3, -1, -3, -2, -2) ,Ready
(-1, -1, 1, -2, 0, -1, -2, -1) ,Ready
(-1, -3, -2, -1, -3, 0, -1, -1) ,Ready
(-1, -1, -1, -1, -2, -1, -1, -1) ,Ready
(-1, 0, -2, -2, -1, -2, -1, -1) ,Ready
(-1, -2, 0, -1, -4, -1, -2, 0) ,Ready
(-1, -1, -4, -2, 0, 0, -2, -1) ,Ready
(0, 1, 1, -1, 0, -2, -2, 0) ,Ready
(-2, -2, -1, 1, 1, -1, -1, 0) ,Ready
(0, -2, -2, 1, -2, -2, -1, 0) ,Ready
(-2, 0, 0, -1, -1, 0, -2, 0) ,Ready
(0, -1, -2, -1, -1, 2, -1, -2) ,Ready
(-1, 0, -1, 0, -1, -2, 0, 0) ,Ready
(-1, -1, -1, -1, -2, -1, 1, -1) ,Ready
(-1, -2, 1, -1, -2, -2, -4, -2) ,Ready
(-2, -2, 0, 1, -2, 0, -1, 0) ,Ready
(2, 0, -2, -3, -1, -1, -1, -2) ,Ready
(-2, -1, -1, -1, 0, -2, -1, 0) ,Ready
(-1, -2, -3, -3, -3, -2, -1, -2) ,Ready
(-1, 0, 0, -1, -1, 0, -1, -1) ,Ready
(-2, -1, 1, -1, 0, -1, 0, -2) ,Ready
(-2, -3, -3, -2, -2, -2, -1, 0) ,Ready
(-2, -2, 1, -2, -2, -3, -2, 1) ,Ready
(-1, -1, -1, -1, 0, -2, 0, -2) ,Ready
(-3, -2, -2, -2, 0, 0, -2, -1) ,Ready
(-1, -4, -2, -1, -1, -1, 1, -1) ,Ready
(0, 2, 1, 0, 0, -3, 0, -1) ,Ready
(-1, -2, -1, -2, -2, 1, -1, -1) ,Ready
(-1, -1, 0, 0, -1, -2, 0, 0) ,Ready
(-2, -3, -2, 0, -3, 0, -2, -3) ,Ready
(-2, 0, -1, -1, 0, 0, -1, 0) ,Ready
(-2, -1, -3, -2, -1, -1, -1, -2) ,Ready
(1, 0, 0, 1, -1, -1, -1, -1) ,Ready
(-2, -2, 0, -1, -1, -1, -1, -1) ,Ready
(-1, 0, -1, 1, 0, -1, 1, -2) ,Ready
(-1, -1, 0, -1, 0, 0, 1, -1) ,Ready
(-3, -2, -1, 0, -2, -1, -1, 0) ,Ready
(-1, 0, 0, -2, 0, 0, 0, -2) ,Ready
(-1, -2, -2, 0, 0, 0, -1, -1) ,Ready
(-1, -2, -1, -1, 0, -1, -1, 0) ,Ready
(0, 1, 0, 0, -1, -2, -1, 0) ,Ready
(0, -2, 0, -1, -1, -1, -3, -1) ,Ready
(0, -1, -3, 0, -1, -1, 0, -2) ,Ready
(1, 0, -4, -1, 1, -1, -1, -1) ,Ready
(-1, -1, -2, -2, -1, -1, 0, 0) ,Ready
(0, -1, -2, 0, 0, -1, 0, -1) ,Ready
(-2, -2, 0, -3, -2, 0, -1, -1) ,Ready
(0, 0, 0, 0, -2, -2, -1, 1) ,Ready
(-3, -2, -2, -1, -1, 0, 0, -2) ,Ready
(-3, 1, -1, 1, -1, -2, -2, -2) ,Ready
(-1, -1, -1, -1, -1, 0, -3, -1) ,Ready
(-2, -2, 2, 1, -1, 0, -3, -2) ,Ready
(-2, -3, -4, -4, 0, -3, 0, -2) ,Ready
(0, 0, -2, -2, -2, -1, -2, -1) ,Ready
(-2, -4, -4, -2, -1, -4, -1, -1) ,Ready
(1, 0, -1, 0, -2, 0, -2, 0) ,Ready
(-2, -2, -2, -1, -1, -4, 0, 0) ,Ready
(0, -1, -2, -1, -1, -1, -1, -1) ,Ready
(-2, 0, -3, -4, -3, -1, 0, -3) ,Ready
(0, -2, -1, -3, 0, 0, -2, -3) ,Ready
(1, -2, 0, 0, -1, 0, -1, -1) ,Ready
(-1, -1, -2, -2, -3, -3, -1, 0) ,Ready
(0, -3, -1, 0, 0, 1, -2, -1) ,Ready
(-2, -2, -3, 1, -1, -1, -1, 0) ,Ready
(-2, 1, 1, 1, 1, -1, -2, -3) ,Ready
(-1, -2, 0, -2, -3, -2, -2, -1) ,Ready
(0, 1, 0, 1, 0, -1, -2, -1) ,Ready
(0, -1, -1, -1, 0, 0, 1, -2) ,Ready
(0, -1, -1, -1, -1, 0, -1, -1) ,Ready
(-1, -1, -1, 1, -2, -3, 0, -1) ,Ready
(0, 1, 1, -1, 1, 0, 0, 1) ,Ready
(-2, -5, -4, -4, -2, -3, 0, -3) ,Ready
(0, 0, 0, -1, -1, -2, 0, -2) ,Ready
(0, -1, 0, -1, -1, -2, -2, -2) ,Ready
(-1, -1, 0, 1, -1, -1, 0, -2) ,Ready
(-2, -1, -3, -2, -1, 0, -2, -1) ,Ready
(-1, -3, -2, -2, 2, 0, -1, -2) ,Ready
(-1, 1, 0, -1, 1, 1, -1, -2) ,Ready
(-2, -2, 0, 1, -2, -1, -2, 0) ,Ready
(-2, 0, -3, -1, -2, 0, 0, -1) ,Ready
(-2, -2, -1, -1, -1, -3, -2, -1) ,Ready
(-1, -1, -1, -1, -2, -1, -1, -2) ,Ready
(-1, -2, -2, -2, 0, -2, -1, -2) ,Ready
(-1, -2, 0, -2, 0, -1, -2, -1) ,Ready
(-1, 0, -1, -2, -2, 0, -1, 0) ,Ready
(-1, -1, -1, -2, 1, 1, 1, -1) ,Ready
(-2, 0, -2, -2, -1, -1, -1, -2) ,Ready
(0, 0, -1, 0, -3, -1, -4, -2) ,Ready
(-1, 1, 1, -1, 2, -2, 0, 0) ,Ready
(-1, -1, 0, -3, -1, -1, -2, 1) ,Ready
(-2, -1, 0, -1, -1, -1, -2, -2) ,Ready
(1, 1, -2, -1, -2, -2, -1, -1) ,Ready
(-1, -1, -1, -3, -2, -2, -2, -1) ,Ready
(-2, -1, -1, 0, -1, 0, 0, 0) ,Ready
(-1, -2, 0, -1, -2, -1, 0, 0) ,Ready
(0, -1, 0, 1, -1, 0, 1, 0) ,Ready
(-3, -2, 1, -2, -2, 0, -3, -3) ,Ready
(0, -3, 0, 1, -1, -2, -1, -2) ,Ready
(0, -2, -1, 1, -1, -2, 1, -3) ,Ready
(-1, -1, -3, -1, 0, 0, 0, -1) ,Ready
(-1, 0, 0, -1, -1, -2, -1, 1) ,Ready
(-1, -1, -2, -2, -1, -1, -2, -2) ,Ready
(-2, -1, 0, -2, -1, -2, -2, -1) ,Ready
(-1, -1, -1, -1, -1, -2, -1, -1) ,Ready
(-1, -1, -2, -1, -1, -3, -1, -1) ,Ready
(-1, -2, -3, -1, -1, 0, -3, -2) ,Ready
(-1, -2, -2, -2, -4, -2, -1, 1) ,Ready
(-1, -1, -2, -3, -3, 0, 0, -1) ,Ready
(0, 0, 0, 1, -2, -2, -1, 0) ,Ready
(-2, -3, -1, -3, -3, -4, -2, -1) ,Ready
(0, 1, -1, 0, 1, -1, -2, -1) ,Ready
(-2, -1, -2, 2, -1, 0, -2, -2) ,Ready
(-2, -2, -2, 1, 1, -1, -1, -1) ,Ready
(1, 0, 0, -4, 0, 0, 1, 1) ,Ready
(-2, -2, -3, -3, -1, -2, -2, -2) ,Ready
(-2, -1, -1, -1, -4, -2, -3, -1) ,Ready
(-2, -3, 1, 1, 0, -1, -1, -1) ,Ready
(0, 0, 0, 0, -1, 0, -1, -1) ,Ready
(-1, -1, 1, 0, -3, -1, -2, -2) ,Ready
(2, -1, -1, -1, 0, 0, -1, -1) ,Ready
(-2, 0, -1, -1, -2, 0, -1, 0) ,Ready
(1, -1, -1, -1, -1, -1, -1, 1) ,Ready
(0, -1, -1, -1, -1, -2, -2, 0) ,Ready
(-2, 1, 1, 0, 0, -3, -1, -1) ,Ready
(-1, -1, 0, 0, -2, -1, -1, -2) ,Ready
(0, -1, -2, 0, -1, -1, 0, -1) ,Ready
(-2, -1, -1, -1, -3, 0, -1, -1) ,Ready
(-2, -1, -2, -2, 1, -1, -2, -2) ,Ready
(-1, -1, 0, -1, -1, -3, -4, -1) ,Ready
(-2, 0, -1, 1, -1, -2, 0, -1) ,Ready
(0, 0, -3, -1, -1, -1, 0, -1) ,Ready
(0, -3, -1, -2, 0, -1, -2, -1) ,Ready
(0, -1, -1, -2, -1, -2, 0, -1) ,Ready
(-1, -1, 0, -1, 0, -3, -3, -2) ,Ready
(1, -1, -1, 0, -2, -2, -2, -1) ,Ready
(-1, 2, 0, -1, 0, 0, -1, 1) ,Ready
(1, -2, -2, 0, -1, -1, -2, -2) ,Ready
(-2, -1, -1, -2, -2, 0, 1, -1) ,Ready
(-2, -1, -2, -1, -1, -1, -1, -1) ,Ready
(-1, 1, 0, -2, -2, -1, 0, -2) ,Ready
(-1, -3, -1, 0, -1, -1, 1, -1) ,Ready
(-1, -3, -1, -1, -1, 1, -1, -1) ,Ready
(-3, 0, 1, -2, -1, 0, -1, -1) ,Ready
(-1, -2, -3, -2, -1, -2, -1, -1) ,Ready
(-1, 1, 0, -4, -2, -1, -1, 0) ,Ready
(-2, -2, 0, 0, 0, -1, -2, -1) ,Ready
(0, 0, -2, -1, -1, -2, -2, -1) ,Ready
(-1, -1, -1, 0, -2, 0, -1, 1) ,Ready
(0, 0, -2, -1, -2, -1, 0, -1) ,Ready
(-1, -2, -1, -1, -1, -1, -2, -1) ,Ready
(-1, -2, 0, -2, 1, -1, -2, -1) ,Ready
(1, 0, -3, -1, -2, -2, -1, -1) ,Ready
(-2, -4, 0, -1, -2, -3, -2, 0) ,Ready
(-1, 2, 0, -1, -1, -1, -1, 0) ,Ready
(-1, -2, -1, 0, -2, 0, -1, -3) ,Ready
(0, -2, -1, -1, -2, 1, -1, -1) ,Ready
(0, -1, -2, 0, -1, -3, 1, -2) ,Ready
(-1, -1, 0, -1, -1, -2, -1, -3) ,Ready
(-1, 0, -1, -1, -2, 0, -1, -1) ,Ready
(-1, -3, -5, -1, -1, -1, -1, -3) ,Ready
(-2, 0, 0, -1, 0, -1, -2, -1) ,Ready
(-1, -3, -3, -2, -3, -3, -3, 0) ,Ready
(-1, -2, -2, 0, -1, -2, 0, -2) ,Ready
(-2, -2, 0, -1, -1, -1, 0, -1) ,Ready
(-1, -1, 0, 1, 1, -1, -1, -2) ,Ready
(-1, -1, -1, 0, -1, 0, 0, -1) ,Ready
(1, -2, -2, -1, -1, -2, -1, 1) ,Ready
(-2, -2, -1, -1, -1, -2, -2, -1) ,Ready
(-2, 0, 0, -1, -1, -2, -2, 0) ,Ready
(-1, -1, -4, -1, -1, 0, -1, -1) ,Ready
(-1, -1, -2, 0, -1, -1, 0, 1) ,Ready
(-1, 1, -1, -1, -1, -1, -1, -2) ,Ready
(-2, 0, 1, -2, 0, 0, -1, 0) ,Ready
(0, -3, -3, 0, -1, -1, -1, -1) ,Ready
(-1, -1, 0, -1, -1, 0, -1, -1) ,Ready
(1, 1, -2, -1, 1, -1, 0, 0) ,Ready
(-1, 0, 1, 0, -1, 0, -1, -1) ,Ready
(-1, 1, 0, 0, 2, -1, 0, -1) ,Ready
(-2, -3, -2, -2, -1, 0, -2, -1) ,Ready
(-1, -2, 0, 1, -1, -1, -1, 0) ,Ready
(-1, -2, -1, -1, -1, -2, -1, 0) ,Ready
(0, 0, 1, -1, -1, -1, 0, 1) ,Ready
(-1, -2, 0, -1, 1, 2, -1, -1) ,Ready
(-2, -1, 1, 0, 0, -2, -3, -2) ,Ready
(0, -2, -2, -3, -3, -1, -1, 0) ,Ready
(-1, -2, -1, 0, -1, -1, -1, 0) ,Ready
(-3, -3, -1, 0, -1, -3, -2, 0) ,Ready
(-1, -2, -1, -1, -2, -1, -1, 0) ,Ready
(-2, 1, -2, 0, -1, -2, -1, -1) ,Ready
(0, -2, -1, -2, -1, -2, -1, -2) ,Ready
(-1, 0, -2, -1, 1, 1, -1, -1) ,Ready
(-1, -3, -2, -1, -1, -1, -1, -3) ,Ready
(-1, -4, 0, 0, -2, -2, 0, 0) ,Ready
(-1, -2, -3, -2, -2, 0, 0, -1) ,Ready
(-1, 0, 0, -2, 0, -1, -1, -1) ,Ready
(-2, -2, -1, -1, 0, -2, -1, -1) ,Ready
(1, -1, -1, -2, 0, -2, -1, 0) ,Ready
(-3, -3, -1, -2, -3, -1, -2, -1) ,Ready
(0, -4, -1, 0, -2, 0, 0, 0) ,Ready
(0, 1, -1, -1, -2, -3, -3, 0) ,Ready
(-1, -1, 1, -1, 0, -2, -2, 0) ,Ready
(-1, 0, -1, 0, -1, 0, -1, 0) ,Ready
(0, -1, 0, -2, -1, -2, -1, -2) ,Ready
(-2, -3, -2, -1, -2, 0, -3, 0) ,Ready
(-1, -1, -1, 0, 0, -1, -1, -2) ,Ready
(0, -1, -2, 0, 0, -1, -1, -2) ,Ready
(-3, 0, -1, -1, -2, -1, -1, -1) ,Ready
(-1, 0, 1, 0, 0, -2, 0, -2) ,Ready
(0, -1, -2, -1, -1, 0, -1, -2) ,Ready
(-1, -1, -3, -2, 1, -2, 0, -1) ,Ready
(-1, -1, -4, 0, 0, 1, -3, -1) ,Ready
(0, -2, 2, -1, -1, 0, 0, 0) ,Ready
(-1, -2, -2, -2, -3, -1, 1, 0) ,Ready
(-2, -1, -1, -1, -1, 0, -2, 1) ,Ready
(-1, -4, 0, -2, -1, -2, -1, -1) ,Ready
(-1, -1, -2, -1, 1, 0, 0, 0) ,Ready
(-1, -1, -3, -1, -2, -3, 0, -3) ,Ready
(0, 0, 0, 1, 0, -2, -2, -2) ,Ready
(-1, -1, 0, -1, 2, -3, -1, -1) ,Ready
(-2, -1, -3, -1, -3, 0, -3, -1) ,Ready
(1, -1, 1, -1, -2, 1, -1, 0) ,Ready
(-2, -1, -2, -1, -2, -2, -2, -1) ,Ready
(0, -2, -1, -1, 0, -2, -3, 0) ,Ready
(-1, -2, -2, 3, -2, -4, 0, -2) ,Ready
(1, -2, -2, -2, -2, 0, 0, -1) ,Ready
(0, -1, 0, 0, 0, -1, -2, -2) ,Ready
(0, -2, -1, -2, -3, 0, -1, 1) ,Ready
(0, -2, -2, -1, 0, 0, -1, -2) ,Ready
(-1, 1, 1, 1, 0, -2, -3, -2) ,Ready
(-1, -2, -4, -3, -3, 0, -1, -2) ,Ready
(0, -1, -1, -2, -3, -3, -1, -1) ,Ready
(0, 0, 0, -2, -1, 0, 0, -1) ,Ready
(-2, -2, -3, -1, -2, 0, -2, -2) ,Ready
(-1, 0, 0, -2, -1, -1, -1, 1) ,Ready
(-2, -3, -3, 1, -3, 1, -1, -1) ,Ready
(-2, 0, -2, -4, -3, -2, 0, -1) ,Ready
(-1, -1, -1, -1, 0, -2, -1, -1) ,Ready
(-1, -1, -2, -1, -1, -1, -1, -2) ,Ready
(-2, 0, 2, 0, 0, -2, -1, -2) ,Ready
(-1, -1, -1, -2, -1, -2, -2, 0) ,Ready
(-1, -1, 0, -2, -3, -1, -1, 0) ,Ready
(-1, -2, -1, 0, -2, -1, -1, 0) ,Ready
(-1, -1, 1, -1, 0, -1, 0, -2) ,Ready
(-1, -1, -4, -2, -1, -1, -1, -4) ,Ready
(-1, 0, -3, -2, 0, -1, -1, -2) ,Ready
(-1, -1, 0, 0, -1, 0, -2, -1) ,Ready
(0, 0, 0, -2, -1, -2, -1, 0) ,Ready
(1, -1, 2, 1, 0, 0, -2, 0) ,Ready
(-1, -2, -2, -1, -3, 0, 0, -3) ,Ready
(0, -1, -1, 1, 0, 0, 1, -1) ,Ready
(-1, -1, -2, 0, 1, -2, 1, -2) ,Ready
(-1, -2, -2, -2, -1, 0, -2, 0) ,Ready
(-3, -1, -3, 0, -1, -3, -3, 0) ,Ready
(0, 0, 0, 0, -1, -1, -1, -3) ,Ready
(-2, -1, -2, -1, -1, -1, -1, 1) ,Ready
(-1, 0, -1, -1, -2, -1, -2, -2) ,Ready
(0, -1, -2, 0, -2, -1, -1, -1) ,Ready
(0, -1, -2, -2, -2, -2, -2, -1) ,Ready
(-1, -1, 0, 0, 0, -2, 0, -2) ,Ready
(0, -2, 0, -1, -1, -1, 0, -1) ,Ready
(-1, -1, 0, 0, -1, 0, -1, -3) ,Ready
(0, -1, -2, -2, -1, -1, -1, -1) ,Ready
(0, -2, 1, -2, -1, -1, -3, -1) ,Ready
(-2, -1, 1, 0, -1, -1, 0, 1) ,Ready
(-2, 0, 0, 0, -1, -1, -2, -1) ,Ready
(-2, -2, -4, -3, -1, -2, -2, -2) ,Ready
(-2, 0, -2, -1, -2, -1, -2, 0) ,Ready
(-1, -1, 0, -1, -1, -2, -1, -2) ,Ready
(-1, -2, -2, -2, -1, -1, -1, 0) ,Ready
(-1, -3, -5, -1, -2, 0, -1, -2) ,Ready
(0, 0, 0, -1, -2, -1, -1, -2) ,Ready
(-1, -2, 0, 0, 0, -2, -2, -1) ,Ready
(-1, 0, -3, -5, -2, -3, 0, -1) ,Ready
(-2, -3, -2, 0, -2, 0, -2, -1) ,Ready
(-1, -1, -1, -1, -2, -2, -2, 1) ,Ready
(0, -2, -3, -1, 0, 1, -1, -1) ,Ready
(-1, -2, 0, -1, 1, -1, -2, 0) ,Ready
(0, 2, 0, -1, 0, -1, 0, -1) ,Ready
(-1, -3, -1, -2, -2, -2, -1, -1) ,Ready
(-1, 0, 0, 1, -1, 0, -2, 0) ,Ready
(1, -1, -1, -1, -1, 0, -1, -1) ,Ready
(-1, 1, 0, -2, -1, -1, -1, -2) ,Ready
(-1, -3, -2, -1, 0, -1, -1, -2) ,Ready
(-2, -2, -1, -2, -2, -3, -2, -1) ,Ready
(-2, -1, -1, 0, 2, 0, 0, -1) ,Ready
(0, -2, -1, 0, 0, -1, 0, 0) ,Ready
(-1, 0, 0, 0, 0, -1, -1, -2) ,Ready
(-2, -2, -3, -1, -1, -1, -1, -1) ,Ready
(-2, 0, 0, 0, 0, -1, 0, 2) ,Ready
(-2, -1, 0, -2, 0, 0, -1, 0) ,Ready
(-1, -1, 1, 0, 0, -1, -1, 0) ,Ready
(-1, -3, -4, -2, -1, 0, 0, -1) ,Ready
(1, -1, 0, 0, -1, 1, -1, -2) ,Ready
(-1, -2, -3, 1, 0, -2, -1, 0) ,Ready
(-2, -1, -2, -2, -2, -2, -2, -1) ,Ready
(-1, 1, 1, -1, 0, -2, -1, -1) ,Ready
(-1, 0, -1, -1, 1, 0, 1, 0) ,Ready
(0, -3, -1, -1, -1, -1, -2, -3) ,Ready
(0, 0, -2, -2, -1, 0, -1, -2) ,Ready
(-3, -3, -3, -2, -1, -3, -1, 0) ,Ready
(0, -2, -3, -2, -2, 0, -1, -1) ,Ready
(-1, 0, -2, -1, -1, -4, 0, -2) ,Ready
(-1, -1, 0, 0, 0, 1, 0, 1) ,Ready
(-1, -1, -1, 1, -1, 0, -1, 0) ,Ready
(-2, -1, -1, -1, -2, -3, -3, -2) ,Ready
(-3, -1, 0, -1, -3, 0, -1, -1) ,Ready
(-1, -1, -1, 1, 0, -2, 0, -1) ,Ready
(1, -1, -1, -2, 0, 0, 0, -2) ,Ready
(-2, 0, -2, -1, -3, -1, -2, -3) ,Ready
(1, -2, 0, -1, -3, -2, -2, -1) ,Ready
(-1, -1, -2, -2, -2, -2, -2, -1) ,Ready
(-1, 1, 1, -2, 0, 0, 0, -1) ,Ready
(-2, -1, -1, -1, 0, -2, -1, 0) ,Ready
(-3, -1, -1, -3, -1, -2, -2, -1) ,Ready
(-2, -1, -2, -1, -1, -1, 0, 0) ,Ready
(0, 0, -1, 0, -1, 0, 0, -1) ,Ready
(1, 1, 1, 2, 0, 0, -1, -2) ,Ready
(-2, 0, -2, -5, -2, -1, -1, 1) ,Ready
(-2, -5, -2, -2, -3, -2, -3, -1) ,Ready
(-2, -1, -1, -1, -2, 0, -2, 0) ,Ready
(-2, -2, 0, -1, -2, 1, 0, 0) ,Ready
(-1, 1, -1, 2, 0, 1, -1, -1) ,Ready
(0, 1, 0, -1, -2, -2, -1, -1) ,Ready
(0, -1, -1, 0, -2, 0, -2, -2) ,Ready
(-1, -4, -3, -3, -1, -1, -1, -1) ,Ready
(0, -2, 1, 0, 0, -3, 0, 0) ,Ready
(-1, 1, -2, -2, -2, 0, -1, 0) ,Ready
(-1, -3, -1, 0, 0, -1, -2, 0) ,Ready
(0, -1, 2, 1, 1, -1, 1, -3) ,Ready
(0, 0, -2, -2, -1, -3, -2, -2) ,Ready
(0, 0, 0, -1, -2, -3, -1, -1) ,Ready
(-1, 0, -2, -3, -1, -1, -1, -1) ,Ready
(-2, -1, -1, -2, 0, -1, -2, 1) ,Ready
(0, -2, -1, -1, 0, 1, -1, -1) ,Ready
(-1, 0, -2, -2, 1, -2, -1, -1) ,Ready
(-2, -1, -2, -2, -2, -2, -3, -1) ,Ready
(1, -1, 0, 0, -1, -1, -1, -2) ,Ready
(-1, -1, -1, -1, -1, -1, -1, -1) ,Ready
(-2, -1, 1, 0, 0, 0, 0, -1) ,Ready
(-3, -1, 1, 2, 0, -2, -2, 0) ,Ready
(-2, -2, -1, -3, -1, -1, -1, 1) ,Ready
(0, -1, -3, -2, -3, -3, -3, -3) ,Ready
(-2, -2, 1, -1, -1, -1, 0, 0) ,Ready
(0, -1, -1, -1, -2, -1, 0, -1) ,Ready
(-1, 1, -2, 1, 1, 1, 0, -2) ,Ready
(-2, -1, 0, 0, -2, -2, -1, 0) ,Ready
(-2, -3, -3, -3, -3, -2, -1, -1) ,Ready
(-3, -1, 0, -2, -2, -2, 0, -1) ,Ready
(0, 1, -2, -1, -2, -1, -1, -1) ,Ready
(-2, 0, -1, -1, 1, -1, -1, -1) ,Ready
(-1, 0, -1, -2, -3, -2, -1, -2) ,Ready
(-2, -1, -1, -2, 0, -1, -1, -1) ,Ready
(0, -2, 0, -1, -4, -1, -1, -1) ,Ready
(-1, -2, -1, -1, 1, 0, 1, -1) ,7
(-3, -2, 0, 0, 0, 0, 0, 0) ,7
(-1, -1, -1, -2, -3, 0, -2, -1) ,7
(-1, -1, -1, -2, -1, -1, -3, -2) ,7
(0, 0, -1, -1, -1, 0, -1, 1) ,7
(0, -1, 0, -1, 1, -2, 0, -2) ,7
(0, 0, 1, -3, -1, -1, -2, -1) ,7
(-2, -1, 0, 0, -2, 0, -2, -2) ,7
(-2, 0, -1, -3, -2, -1, -2, -2) ,7
(-1, -1, -1, -1, -1, -1, -3, 0) ,7
(-1, -2, 0, -1, -3, 0, 1, 0) ,7
(-2, 0, -3, 1, 2, 1, 0, 0) ,7
(0, -1, 1, 0, 0, -1, 0, 0) ,7
(0, -2, 0, -1, -2, -3, -1, -3) ,7
(-1, -1, -2, -2, -3, -2, -1, -1) ,7
(-3, 0, -1, -1, 0, 0, 0, -2) ,7
(0, -1, -1, 0, -1, -1, -1, -2) ,7
(0, 0, -1, -1, 0, -1, -2, 2) ,7
(-2, -2, -3, -1, -1, -3, -3, -1) ,7
(0, -1, -2, -1, -1, -1, 1, 0) ,7
(-2, 0, -1, 0, -2, -1, -2, -2) ,7
(-1, -1, -2, -2, -1, 1, -1, -1) ,7
(0, -1, -3, 0, 0, 0, -1, -2) ,7
(-1, -2, 0, -1, 1, -2, -1, 0) ,7
(0, -1, -2, -1, 0, -1, -1, -1) ,7
(-2, 0, -2, 1, -1, -1, -2, -2) ,7
(0, -2, 0, -1, -1, 0, -2, -1) ,7
(-1, -1, -1, 0, 0, 1, -1, -2) ,7
(-1, 0, -2, -1, 0, -3, -2, -1) ,7
(-1, -1, -2, -3, -1, -2, 0, 0) ,7
(0, -1, -2, -2, -1, -1, 1, -1) ,7
(-1, -1, -2, -2, -1, 0, -2, -1) ,7
(-1, -1, 0, 1, -1, 0, -2, -2) ,7
(0, -1, 2, 0, -2, 0, -3, -1) ,7
(-2, -3, -2, -1, -1, -1, 2, -2) ,7
(0, -2, 0, 1, -2, 0, 0, 1) ,7
(-2, -1, 0, -3, -1, -1, -1, -1) ,7
(-1, -2, 0, 0, 0, -1, -3, 0) ,7
(-2, -1, -1, 1, 0, 0, -1, -2) ,7
(0, -2, -1, -1, -2, 0, 0, -1) ,7
(-2, -1, -2, -1, -2, -2, -1, -1) ,7
(-2, -3, -1, -1, -1, -1, 0, 0) ,7
(0, 1, -1, -1, -2, -1, 0, 1) ,7
(0, -4, -5, -3, -1, -2, -2, -2) ,7
(-1, 0, 3, 2, 0, -2, 0, 0) ,7
(0, -1, 0, -3, -1, -1, -2, -1) ,7
(-1, -1, -1, -1, 0, 0, -3, -2) ,7
(0, 2, -1, -1, 0, 0, -1, -1) ,7
(-1, -2, -1, 0, 0, -2, -1, -1) ,7
(-2, -1, 0, 0, -1, -2, -1, -2) ,7
(-1, -1, 1, 0, -1, 0, -2, 0) ,7
(0, -2, -2, -2, -2, 0, -3, 0) ,7
(-2, 0, -1, -3, 0, -1, 0, -1) ,7
(-2, -1, 0, -1, 0, 0, 1, 0) ,7
(0, -1, -1, -2, 0, -1, -2, 0) ,7
(-1, -2, 1, 0, -2, -1, 0, -2) ,7
(-1, 0, -1, -2, -2, -2, -3, -1) ,7
(-2, 0, 0, 0, -1, -1, -1, 0) ,7
(-1, -3, -2, -2, -2, 0, -1, 0) ,7
(-1, 0, -1, -1, 1, -1, -1, 0) ,7
(-1, -3, -1, 0, -1, -1, 0, -2) ,7
(0, -2, -3, 0, -1, -1, -1, -1) ,7
(1, -1, -2, -3, -2, -4, -2, -1) ,7
(1, 0, 1, -1, -1, 0, 0, 0) ,7
(0, -1, -1, 1, -2, -2, -2, -1) ,7
(-1, 0, -2, -1, -1, 0, -3, -2) ,7
(-1, -2, 0, 0, 0, -1, -1, -2) ,7
(-2, -2, -4, -3, -3, -2, 0, -1) ,7
(-1, -2, -2, -4, -2, -1, -3, -1) ,7
(-2, -2, 0, -1, -1, -2, 2, 1) ,7
(-1, -1, -1, 0, -1, 1, -2, -1) ,7
(-2, 0, -1, 0, -3, -1, -1, -2) ,7
(-1, -1, -1, -1, -1, 1, -1, -2) ,7
(0, -1, -2, -1, -1, -1, -2, -3) ,7
(-2, -1, -1, -3, -2, -2, -3, -2) ,7
(0, -1, -1, -1, 0, -1, -1, -1) ,7
(-1, -1, -1, -1, -1, 0, 0, 0) ,7
(-1, -1, -1, -3, -3, -2, -1, -1) ,7
(0, 1, 0, -2, 0, 0, 0, -2) ,7
(-1, -2, -2, -2, 1, 0, 1, 0) ,7
(-3, -1, -1, 0, 1, 0, -2, -2) ,7
(-1, -2, -2, -1, -2, 0, 1, -1) ,7
(-1, -1, 0, 1, -1, -1, 0, 0) ,7
(-1, 0, -1, 0, -3, -1, -1, -2) ,7
(-2, -1, -1, -2, 0, -2, 1, -1) ,7
(0, -1, 0, -1, -1, 0, 0, -1) ,7
(-1, -2, -3, -3, -1, -1, 0, -1) ,7
(0, -3, -1, -1, -1, -1, -3, -1) ,7
(-1, -2, -1, 0, -1, -1, 0, -1) ,7
(-2, 0, 0, -2, -2, 0, -3, -2) ,7
(-2, 0, 1, 1, -3, 0, -2, -1) ,7
(0, -2, -1, -4, -2, 1, -1, -2) ,7
(0, -1, -1, -2, -3, -1, -2, 0) ,7
(0, -1, 2, 1, 0, -1, 1, -1) ,7
(-1, -3, -6, -5, -4, -3, 0, -3) ,7
(-1, -1, -2, 0, -2, -2, -1, -1) ,7
(-1, 0, -1, -1, 0, 0, 1, 0) ,7
(-1, 0, -1, -1, 0, -1, -1, -1) ,7
(2, 1, 3, 0, 0, 0, 0, 0) ,7
(-1, -3, -3, -1, 0, -1, -1, -1) ,7
(-1, -1, -2, -3, -2, -3, -2, -1) ,7
(-1, 0, 0, 0, 0, -2, -3, 0) ,7
(1, -1, -1, 0, 0, 0, 2, 1) ,7
(-1, 0, -1, -2, -2, -2, -1, -1) ,7
(-1, 0, 0, -1, -1, -1, -3, -3) ,7
(0, -1, -1, 0, 1, -2, -2, -1) ,7
(-2, -1, -2, 0, 1, -1, -1, -1) ,7
(0, -1, -2, 0, -1, -1, 0, -1) ,7
(0, -2, -1, 1, -2, -1, -1, -1) ,7
(0, -3, -1, -2, -2, -1, 0, -1) ,7
(0, 0, -2, -3, -3, 0, -2, 0) ,7
(0, 0, 1, -1, 0, -1, -1, -2) ,7
(-2, 0, -1, -2, -1, -3, -1, 1) ,7
(-2, -1, -1, -1, -3, -1, -1, -1) ,7
(-2, -1, 0, -1, -2, -2, 0, -1) ,7
(-2, 0, 3, 3, -1, 0, -2, -1) ,7
(-2, -2, -5, -3, 0, -3, 0, -1) ,7
(-2, -3, -1, 0, -1, -3, -2, -2) ,7
(-2, -1, -2, -1, -2, -1, -2, -1) ,7
(0, 1, 0, 1, -1, -1, -1, 0) ,7
(-1, -1, 1, 1, 1, -1, -1, 0) ,7
(0, -1, -2, -2, 0, 0, -1, 0) ,7
(-1, -1, 0, 1, -1, -3, -2, -2) ,7
(-2, 0, -1, 0, -1, 0, 0, -3) ,7
(-1, 0, -1, -2, -3, -2, -1, -1) ,7
(-1, -1, -3, -2, 0, -2, -1, 1) ,7
(0, -1, 0, -1, -2, 0, -2, -1) ,7
(0, -2, -3, -2, -1, -1, -1, -1) ,7
(0, -2, -1, 0, -1, -1, -1, -1) ,7
(-1, -1, 2, -1, 0, -2, -1, -2) ,7
(-1, -1, -1, 0, 0, 1, 0, -1) ,7
(-1, -2, -6, -4, -2, -1, 0, -3) ,7
(-1, 0, 0, 0, -1, 0, -1, -3) ,7
(-1, -1, -1, -2, -2, -1, 0, -1) ,7
(0, 1, 1, -1, 0, -3, -1, -1) ,7
(0, -1, 0, 0, -1, 0, -1, 0) ,7
(-1, 0, -1, -1, -1, -1, -1, 0) ,7
(-2, 0, -2, -1, -1, -1, -2, -2) ,7
(-2, -1, -1, -1, 0, -1, 0, -2) ,7
(-1, -1, -1, -4, -3, -1, -3, -1) ,7
(-1, 0, -2, -2, -1, -2, -1, -2) ,7
(0, 1, 0, -1, -3, -1, 0, 0) ,7
(-2, -2, -4, -1, -1, -2, -2, -1) ,7
(0, -2, -3, 0, -1, 1, 0, -1) ,7
(-1, -1, -2, 0, -2, -2, -2, 0) ,7
(0, 0, -1, -1, -2, 0, -1, -3) ,7
(1, -3, -1, -2, -2, -2, -2, -1) ,7
(0, -1, -3, -1, -3, -3, -1, -1) ,7
(-1, -1, 0, -3, -2, -1, -2, -2) ,7
(0, -2, 0, 0, 1, 0, -1, -1) ,7
(0, 0, -1, -2, 0, -2, -2, -1) ,7
(-1, -1, 0, -1, -1, -1, -1, -1) ,7
(-1, -1, 1, -2, 0, -2, -1, 0) ,7
(-1, 0, 1, -1, 0, -1, -3, -1) ,7
(-1, -1, -2, -1, -1, 0, -2, -1) ,7
(-1, -1, -1, 1, 0, -2, -1, -2) ,7
(-2, -1, -2, -1, -3, -3, -1, -2) ,7
(-1, -2, -1, -3, -2, -1, -2, -2) ,7
(-1, -2, -1, 0, 1, 1, -1, 0) ,7
(0, 2, -2, -1, -1, 0, -1, 0) ,7
(-2, 0, -3, -2, -1, -2, -2, -2) ,7
(-3, -1, -3, -3, -2, -2, -1, 0) ,7
(-1, -2, 0, -1, 0, -2, -2, 0) ,7
(-1, -2, -1, -3, 0, 0, -1, -2) ,7
(-1, -1, 1, 2, -2, -2, -1, 0) ,7
(0, -1, -2, -1, -1, -3, -2, -2) ,7
(-2, 0, -3, -2, 0, -2, -2, -2) ,7
(-1, -3, -1, -2, -1, -2, -1, 0) ,7
(-2, -3, -3, -1, -1, -1, -1, -3) ,7
(-2, -2, 0, 0, 1, -1, 0, -1) ,7
(0, -1, 1, -1, 0, -3, -2, 0) ,7
(-3, -3, -2, -1, -2, -1, -2, -2) ,7
(-1, -1, 0, -3, 0, 0, -1, 0) ,7
(-2, -2, -1, -1, -3, -2, -2, -2) ,7
(-1, -1, -1, -2, -2, -1, 1, -2) ,7
(-1, -1, -2, -1, -1, 0, -1, -2) ,7
(-2, 0, 0, 1, -1, -1, 0, -1) ,7
(-2, -3, -5, -2, -1, 1, -1, 0) ,7
(-1, -2, 0, 1, -2, -1, -2, 0) ,7
(-1, -1, 1, 0, -1, 1, 0, -2) ,7
(-2, -1, 0, 1, 0, -1, -2, -1) ,7
(-1, 0, 2, -1, 0, -1, 0, -1) ,7
(-2, 0, -3, -3, -2, -2, -1, 0) ,7
(-1, -1, -2, -1, 0, -3, 0, -2) ,7
(-1, -1, -2, -1, -1, -2, -1, 0) ,7
(-1, 0, -1, 0, 0, 1, -1, 1) ,7
(0, -2, -3, -2, 0, -1, 0, -2) ,7
(0, 1, 0, 0, 0, 0, -1, -3) ,7
(0, 0, -1, -2, -2, -2, 0, -2) ,7
(-1, 0, -1, -1, -1, -3, -1, -1) ,7
(-2, -1, -2, 0, -1, 0, -1, -1) ,7
(-2, -3, -6, -4, -3, -1, 0, 0) ,7
(-1, -1, -1, -2, -1, 0, -2, 0) ,7
(1, 0, -1, 0, -2, -1, -1, -1) ,7
(-1, -2, 0, -2, -1, -1, -1, -2) ,7
(-1, 1, 0, -1, -1, -2, -3, -1) ,7
(-1, -2, -1, -1, -2, 0, 0, -1) ,7
(0, -1, -2, -3, -1, -1, 0, 0) ,7
(-1, -1, -1, 0, -1, -1, 0, 0) ,7
(0, -1, 0, 1, -1, -2, -2, 0) ,7
(-2, -3, -3, -2, -1, -1, -1, -1) ,7
(-1, 1, 0, 1, 0, -2, -2, -1) ,7
(-1, -1, -2, -2, -3, 1, 0, -1) ,7
(-1, -1, 0, -2, 1, 1, 0, -1) ,7
(-2, -1, -1, 0, 1, -2, -2, -2) ,7
(-2, -2, 0, 0, -1, -1, -2, 0) ,7
(-2, -1, -2, -3, -2, -3, -2, -3) ,7
(-1, 0, -2, -1, -2, -1, 0, 0) ,7
(0, -2, -3, -1, -2, -3, -2, 0) ,7
(-2, -2, -2, -1, -1, -1, -2, -4) ,7
(-3, -4, -5, 0, -1, -1, -2, -1) ,7
(-2, 1, -1, -1, -4, 1, 1, -1) ,7
(0, -1, 1, -1, 0, -4, -1, -1) ,7
(0, 0, -1, -1, 0, -2, 0, 0) ,7
(1, 0, 0, -2, -2, -1, -1, 0) ,7
(-1, -2, 1, -1, 1, 0, -3, -1) ,7
(-1, -1, -1, -4, -3, -1, -1, -1) ,7
(-1, -1, 1, 1, -1, -2, -2, 0) ,7
(-1, -1, -2, 0, 0, 1, 0, -1) ,7
(-1, -1, 0, -1, -3, -1, 0, 0) ,7
(-2, -2, 0, 0, 2, -1, -1, 1) ,7
(0, 0, -1, 0, -3, -1, -1, -1) ,7
(-2, -1, 0, 0, -1, 0, -2, -2) ,7
(-2, -1, -2, -2, -3, -1, 0, -1) ,7
(0, -1, 1, -1, -1, -1, -1, 0) ,7
(0, -1, 0, -1, 0, 1, -1, -1) ,7
(0, -1, -2, 0, -1, -2, -1, -1) ,7
(-2, -3, -1, -2, 0, -1, -1, -1) ,7
(-1, 0, 0, 0, 0, 0, -2, -1) ,7
(-1, -1, -1, -1, -3, -2, -2, 0) ,7
(-1, 0, 0, 0, 0, -2, -1, -2) ,7
(-1, -1, 1, 0, -1, -3, -1, -2) ,7
(-1, -2, -2, -2, 0, -1, -2, -1) ,7
(0, -1, -3, 0, 0, -1, -2, -1) ,7
(-2, -2, -1, -2, -1, -1, 0, -2) ,7
(-1, -1, 2, -1, -1, -1, -1, -2) ,7
(-3, -1, -1, 0, -3, -1, -3, 0) ,7
(0, 0, 1, -1, 2, 0, -2, -1) ,7
(-1, -2, -1, -1, -1, 1, 0, 0) ,7
(-3, -1, -2, 0, -2, 0, -1, -1) ,7
(-1, -1, 1, -2, 0, -2, -1, 1) ,7
(-1, -2, -3, -1, -3, -2, -1, -1) ,7
(-1, 1, 1, 0, -1, 0, -2, 0) ,7
(0, -1, -3, -2, 0, -1, 0, -1) ,7
(-1, -2, -1, 0, -1, -2, -1, -2) ,7
(-1, -2, -2, -1, 0, -1, -2, -1) ,7
(-1, 0, -2, 0, -1, -2, -2, -1) ,7
(-1, -1, -3, -2, 0, 0, -2, 0) ,7
(0, -2, -2, -1, -2, -2, 0, -1) ,7
(-1, -2, -1, -2, -1, -2, 0, -3) ,7
(-1, -2, 0, -1, -1, -2, -2, -2) ,7
(0, -1, 0, -1, -1, -1, -1, -1) ,7
(-1, 1, -1, 0, 0, -2, -1, 0) ,7
(-2, -2, -5, -3, -2, -1, -2, -1) ,7
(-1, 3, 3, 0, 0, -1, -2, -2) ,7
(-2, -3, -3, -2, -1, -3, 0, 0) ,7
(0, -1, 1, -1, 0, 1, -1, -1) ,7
(-2, 0, -2, -3, 0, -2, -2, -2) ,7
(-1, 0, 0, -1, -1, -3, -1, 1) ,7
(-1, 1, -2, 1, -2, -1, -2, -1) ,7
(-1, 0, 0, 0, -3, -1, 0, 0) ,7
(-2, -1, 1, -1, -1, -1, -1, -1) ,7
(-1, -3, -1, -2, -1, 0, -1, -1) ,7
(-1, -2, 1, -1, 0, -1, -2, -1) ,7
(-2, -3, -3, -1, -1, -2, -2, -1) ,7
(-1, 0, -2, 1, -1, -2, -2, -1) ,7
(-1, -1, -2, -1, -3, -2, 0, -2) ,7
(-3, -3, -1, 0, -2, -1, -2, -2) ,7
(-2, 0, -1, -2, 1, -1, -1, -1) ,7
(-1, -2, -4, -3, -1, 1, 1, -1) ,7
(-1, -2, 0, -1, 0, -1, -1, -2) ,7
(1, 0, 1, 1, -1, 0, -1, -2) ,7
(0, -2, -1, -1, 1, 0, -2, -1) ,7
(-2, 0, -1, -1, -3, -2, -1, -1) ,7
(-1, 0, -1, 0, 0, -2, -2, 0) ,7
(0, 0, -1, -1, 1, -1, 0, -2) ,7
(-2, -1, 0, -1, -1, -4, -1, -2) ,7
(-1, -1, -1, 0, 0, 0, -2, 0) ,7
(-1, -3, -1, -2, -1, -1, -3, -2) ,7
(-1, -1, -1, -3, 0, -1, 1, 0) ,7
(0, 0, -1, -1, -1, 0, 0, -2) ,7
(-1, -1, -1, -2, -1, -2, -1, 0) ,7
(-2, 0, -1, -2, -1, -1, -1, -2) ,7
(-1, -2, -1, -1, -1, -1, -3, -1) ,7
(0, -2, 0, 1, 0, 0, 0, -2) ,7
(-1, -2, -1, 1, -1, -1, -1, -2) ,7
(-1, -1, -4, -1, -3, -2, -1, -1) ,7
(-1, 0, 0, -1, -2, -1, -2, -1) ,7
(-1, -1, -2, -2, -1, -2, -2, -1) ,7
(0, 0, -1, -2, -2, 0, 0, -1) ,7
(-1, -2, -2, 1, 0, -1, 0, -1) ,7
(-1, 0, -2, -3, 1, 1, -1, -1) ,7
(-1, -1, -2, 0, -1, 0, -3, 1) ,7
(0, 1, 0, 1, 0, 0, -1, -2) ,7
(-2, -2, -4, -2, 0, -1, -1, 0) ,7
(-1, -2, -2, -3, -1, -3, 1, -1) ,7
(-2, -1, -3, 1, 0, -2, -2, -2) ,7
(-2, -1, -3, -4, -1, -1, -1, -2) ,7
(-1, 0, -1, -1, -3, -1, 0, 0) ,7
(-1, -1, 1, -1, -2, -1, -2, -1) ,7
(-3, -1, -1, 0, -1, -1, -2, -3) ,7
(-2, 0, -1, 1, 0, 0, -1, 0) ,7
(-1, -3, -1, -1, -1, -1, -2, -1) ,7
(-2, -2, -2, -3, -2, -1, -2, 0) ,7
(-1, -1, 0, -2, 0, -2, -1, -1) ,7
(0, -1, -3, -1, -1, -1, -1, 0) ,7
(-1, 1, -2, -1, -1, -1, 0, 0) ,7
(-1, -1, -2, 1, -1, -1, 0, 0) ,7
(-1, -1, -2, 0, -2, -1, 0, -2) ,7
(0, -2, -1, -1, -1, -1, 0, -1) ,7
(-1, 0, 0, -1, 0, -1, -2, 1) ,7
(-1, 0, -1, -1, -1, -3, -1, -1) ,7
(-1, -2, -1, -2, -3, 0, -3, 0) ,7
(-1, 0, -2, 0, -1, 0, -2, -1) ,7
(0, 0, 0, -2, -1, -2, -1, -2) ,7
(-2, 0, 0, 0, -1, -1, -1, -1) ,7
(-1, -2, 1, 0, -1, -2, -1, -2) ,7
(-1, 0, 1, 0, -2, -1, -2, 0) ,7
(0, -1, -4, -5, -3, -2, -1, -1) ,7
(-1, -1, 1, -1, 2, 0, -1, -1) ,7
(0, -1, 0, -2, 0, -2, 1, 1) ,7
(-1, -1, -1, -1, -2, 0, 0, -4) ,7
(-1, -2, -2, 1, 0, 0, 0, -3) ,7
(0, -1, 0, -2, -2, -1, -2, -1) ,7
(-3, -2, 0, -1, -1, -2, -2, -2) ,7
(-1, 0, -2, -1, -1, -2, -2, -1) ,7
(0, -1, -2, -2, -2, -1, -1, 0) ,7
(0, 0, -2, 1, 0, 0, 1, -2) ,7
(-2, -2, 0, 1, -2, -1, -1, 1) ,7
(-2, -1, -2, -3, -1, 0, -1, 0) ,7
(0, -2, 0, -2, -1, 0, 0, -1) ,7
(0, -3, -3, -2, -2, -1, -1, 0) ,7
(-1, -1, -2, -4, -4, -2, -1, -1) ,7
(-2, -1, -3, 0, 2, -1, 0, -1) ,7
(-1, 1, 2, 2, 1, 0, 1, 0) ,7
(-1, -1, -2, 0, 0, -3, -1, 0) ,7
(-1, 2, 2, 1, 0, -1, -1, -1) ,7
(0, -3, 0, 0, -3, -2, -1, -1) ,7
(0, 0, -1, -1, 0, -1, -1, 0) ,7
(0, -1, -3, -2, -1, -2, -1, -3) ,7
(-2, 0, -1, 0, -2, -2, 0, -1) ,7
(-2, -1, -2, -4, -1, 0, -2, -1) ,7
(0, 1, 0, 1, 0, 1, -1, 0) ,7
(-1, -2, 0, -1, -2, -1, -1, 0) ,7
(-1, -1, -1, -1, 1, -2, -1, -1) ,7
(0, -1, 0, -1, -1, -1, 0, -1) ,7
(-2, -2, -1, -2, -1, -2, -3, -1) ,7
(-1, -3, -1, -2, 0, 1, -1, -2) ,7
(-1, -2, -1, 1, 0, -2, -1, -1) ,7
(-1, 1, 0, 0, -1, 0, -1, -2) ,7
(0, -3, -5, -4, -4, -1, -2, -2) ,7
(-2, -2, -2, 0, -1, -1, 0, -2) ,7
(-1, 0, -1, -1, -1, -1, -1, -1) ,7
(-2, -1, -1, -3, 0, -2, -1, -1) ,7
(-1, 0, -2, -3, -3, -1, -1, -1) ,7
(-2, -4, -4, -1, -1, -2, -2, -1) ,7
(-1, -1, -2, -1, 0, 1, 0, -2) ,7
(-1, -3, -2, 1, 0, -2, -2, 1) ,7
(-1, 0, 1, 2, 0, 0, -1, -1) ,7
(-1, 0, -2, -2, -2, -2, -1, 1) ,7
(-2, -1, -1, 0, -1, -2, -3, -2) ,7
(0, -2, -2, -1, 0, -2, -2, -2) ,7
(-2, -1, 1, 1, 0, -1, -1, -1) ,7
(0, -1, -1, -3, -3, -2, -2, -2) ,7
(0, -1, -2, -2, 0, -3, 1, 0) ,7
(-1, -1, -1, -2, -2, 0, 0, -1) ,7
(-1, -2, -1, -3, -1, 0, 0, -1) ,7
(-1, 0, 1, 2, 0, 0, 0, 0) ,7
(0, -1, 1, -2, -1, -2, -4, 1) ,7
(0, -2, 0, -1, -1, -2, -2, 0) ,7
(-2, -2, -4, -2, -3, -2, -3, -2) ,7
(-1, -2, -2, -1, -2, 0, 0, -1) ,7
(-1, 0, 0, -2, 0, -1, -1, -1) ,7
(-1, 0, -1, -1, -1, -2, 0, 1) ,7
(-1, -2, -1, 0, -2, -1, -1, -1) ,7
(-1, 1, -1, -1, 0, 1, 0, 0) ,7
(-1, -2, -3, 0, -4, -1, -2, -1) ,7
(-1, 0, -1, -2, -2, -1, 0, -2) ,7
(0, 0, 0, 0, 0, -1, -2, -3) ,7
(-2, -3, -5, -4, -1, -1, -3, -2) ,7
(0, 0, -1, 1, -1, 0, 1, -1) ,7
(-1, 0, -1, 1, 0, -1, -1, -1) ,7
(0, 0, -1, 1, 0, -1, -1, 1) ,7
(-1, -1, 1, 0, -3, 0, -1, -1) ,7
(-1, -2, 1, -1, 0, -2, -2, 0) ,7
(-2, -1, -2, -2, -1, -1, -2, -2) ,7
(-2, -2, -2, -1, -3, -2, 0, -3) ,7
(0, 0, 1, -3, -3, -1, 0, -1) ,7
(-2, -1, -2, -1, -1, -1, -2, 0) ,7
(-2, -2, -2, -1, -2, -2, 0, -2) ,7
(-1, -1, 0, -1, -1, -1, -1, -1) ,7
(-1, 0, -1, 0, 1, -2, -3, -3) ,7
(-1, 0, -1, -3, -2, -3, 0, -3) ,7
(-2, -1, -1, -1, -1, -1, -3, 0) ,7
(-1, -1, -1, -1, 0, 0, -2, -1) ,7
(-1, -1, -1, 0, -2, -2, -1, -1) ,7
(-1, -1, 2, -3, -1, -1, -1, 0) ,7
(-2, -2, 0, 0, 1, -1, -2, 0) ,7
(0, -1, -1, -2, -1, -1, 0, -2) ,7
(-1, 1, 0, 0, 1, -1, 1, -2) ,7
(-1, -2, 1, 0, 0, -1, -1, -2) ,7
(-2, 0, -1, -2, -2, 0, -2, -2) ,7
(-3, -4, -6, -4, -4, -3, 0, -1) ,7
(0, -2, 0, 0, 0, 0, 0, -1) ,7
(-3, 0, -1, -2, -3, -2, 0, -2) ,7
(-4, -1, -1, 0, -2, -2, 0, -4) ,7
(-1, -1, 1, -1, 0, -2, -1, -2) ,7
(-1, -2, -3, -1, -1, -1, 0, 1) ,7
(-2, -1, -1, -1, 0, 0, -1, 0) ,7
(-1, -2, 0, 0, 1, -1, -1, -1) ,7
(-1, 0, -2, -1, 1, -2, 1, -1) ,7
(-2, -1, -2, -2, -1, -1, 1, 0) ,7
(-1, -2, 0, 1, 0, -1, -1, -1) ,7
(-1, -1, -1, 0, 0, -1, -1, -1) ,7
(-1, -3, -1, -1, -3, -1, -1, 0) ,7
(-1, -2, 0, -1, -2, -2, -1, -2) ,7
(-2, -1, 0, -1, -1, 1, -2, -2) ,7
(0, 0, 0, 0, -1, -1, -1, -4) ,7
(0, -3, -4, -1, 0, -2, -1, -2) ,7
(-1, -1, -1, -1, -1, -1, -1, -3) ,7
(-1, 0, 2, -2, -2, -2, -1, -1) ,7
(0, -3, -1, 1, -1, -3, 0, 1) ,7
(1, 1, 1, -1, 0, 1, -2, -2) ,7
(0, -2, -2, -3, -2, 0, -3, -1) ,7
(1, 1, -1, -2, 1, -3, -2, -1) ,7
(-1, -3, -2, -3, -3, -1, -1, -1) ,7
(0, -1, 0, -1, 0, 0, 0, -2) ,7
(0, -2, 0, 0, -2, -1, -1, 1) ,7
(-1, -2, 0, -3, -2, -1, -1, -2) ,7
(-1, -1, -1, -3, -1, -2, -1, 0) ,7
(-3, -2, 1, -1, -3, -2, -1, 0) ,7
(-2, 0, -1, -2, -1, 0, 0, -1) ,7
(-1, -1, -3, 0, -1, -1, 0, 0) ,7
(-1, 0, -1, 0, -1, 1, -2, -2) ,7
(-1, 0, 0, 0, -1, 1, 0, 0) ,7
(0, -1, 1, -3, -3, -2, -3, -2) ,7
(0, -1, 0, 1, 1, -2, 0, 0) ,7
(-2, -2, -2, -4, -3, -3, 0, -3) ,7
(-2, 0, -1, 0, 1, 0, -2, 0) ,7
(-1, -1, -1, -2, 0, 0, 0, -1) ,7
(-2, -3, -1, 0, -1, -1, -2, -1) ,7
(-1, 0, -2, -2, 2, 0, -1, 0) ,7
(-1, -1, -1, -1, 0, -1, -1, -2) ,7
(-1, -3, -4, -2, -1, -3, -1, -1) ,7
(1, 0, 1, -2, -1, -4, -1, -2) ,7
(-2, -2, 2, -1, -2, -2, -1, -1) ,7
(0, -1, -2, -2, -2, 0, 0, -1) ,7
(-1, 0, -2, 0, 2, -1, 0, 0) ,7
(-2, -1, -1, -2, -2, -1, -1, -1) ,7
(-2, -3, -1, 0, 1, 0, -2, -1) ,7
(0, -1, -1, -2, -1, -2, 0, -1) ,7
(-1, -3, -4, -3, -2, -2, -1, -2) ,7
(-2, 1, 0, 1, -2, 0, -1, -1) ,7
(-1, -1, -2, 0, -3, -2, -1, -1) ,7
(-1, -1, -2, -1, -1, -1, 0, -1) ,7
(-2, -1, -2, -1, 1, -1, -1, -1) ,7
(-1, -1, -1, -2, 0, -2, 0, -1) ,7
(-1, 0, -1, -2, -3, -1, -2, -2) ,7
(1, 0, 0, 1, -1, -1, -2, 0) ,7
(-1, 0, -1, 0, 0, 0, -2, -2) ,7
(-1, -2, -2, 0, -2, -1, 0, 0) ,7
(0, -2, 1, -1, 1, 0, -1, -1) ,7
(0, -1, 0, -1, -1, -2, 0, 1) ,7
(-1, -1, -2, -1, -2, 0, 0, -2) ,7
(-1, -2, -2, 2, 0, 0, -2, 0) ,7
(-2, 0, -1, 0, 0, -2, 1, 0) ,7
(-1, -2, -2, -1, -1, -3, -1, -1) ,7
(1, -1, 0, -2, -1, -1, -2, -2) ,7
(-2, 0, -1, -1, -3, -2, 0, 0) ,7
(-1, 0, -4, -2, -1, -1, 0, -3) ,7
(-1, -1, -1, -1, -1, 0, 0, -2) ,7
(-1, -2, -1, -1, -2, -3, -2, -2) ,7
(-1, 0, -1, 0, -1, -1, 0, -2) ,7
(-1, -3, 0, 1, -3, 0, -1, -1) ,7
(-1, 1, -2, -1, 0, -2, -1, -2) ,7
(-1, -2, -3, -1, -2, 1, 0, 1) ,7
(0, -2, 0, -1, -2, -2, -2, -2) ,7
(0, 0, -1, -1, 0, 0, 0, -1) ,7
(-1, -3, -1, -2, -4, 0, -2, -2) ,7
(-1, -1, -2, 0, -1, -3, -2, -1) ,7
(0, -1, 0, -1, 0, -1, -1, 1) ,7
(1, -1, 0, -2, -1, -1, -2, -3) ,7
(0, -1, -2, -2, 0, -2, -1, 1) ,7
(-1, -1, -1, -1, -1, 0, -1, -1) ,7
(0, 0, -1, 0, -2, -1, 0, -2) ,7
(0, -2, -1, 0, -1, -1, -2, 0) ,7
(-3, -3, -2, -2, -1, -1, -1, -2) ,7
(-1, 2, 1, -1, -1, -1, -1, 0) ,7
(-2, -2, -1, -3, -2, -2, -3, -1) ,7
(-1, -2, -1, -1, 0, -1, -1, 0) ,7
(0, -1, 2, -2, 0, -1, -1, -2) ,7
(-1, -2, -1, -1, 0, 1, 0, -2) ,7
(-1, -1, -1, -1, 0, -1, -2, 0) ,7
(0, -2, 0, -1, 0, -2, 0, -2) ,7
(-2, -2, -2, -2, 0, 0, -1, -1) ,7
(-2, -2, 0, 0, -3, 0, -2, -1) ,7
(-1, 1, 1, -2, -1, -2, 0, -2) ,7
(0, -2, 1, -1, -1, -2, -1, 0) ,7
(-1, -1, 0, 0, -1, -2, 0, -1) ,7
(-1, -1, -2, 1, 0, -2, -2, -2) ,7
(-1, -2, -2, -2, -2, 0, -1, -3) ,7
(-1, 0, 0, -1, -1, 0, -1, -2) ,7
(0, 0, 1, -2, 0, 0, -1, 1) ,7
(-2, -3, -4, -1, -2, -3, -3, -1) ,7
(-1, 0, 1, 0, -1, -1, 0, 0) ,7
(-3, -1, -1, 0, -1, -4, -4, -2) ,7
(1, -1, -2, -1, -2, 0, 0, 0) ,7
(0, -1, -1, -2, -1, -2, 1, -2) ,7
(-2, 0, 2, 1, 1, -2, 0, -1) ,7
(-2, -2, -2, -2, 0, 0, -1, 0) ,7
(-1, 0, -1, -1, -1, 0, -1, -1) ,7
(-1, -1, 0, 0, -1, -1, -3, -2) ,7
(0, -2, -3, -1, 0, -1, -2, 0) ,7
(-1, 0, -1, -2, -1, -1, -1, 0) ,7
(-1, 0, -1, 0, -3, -2, -3, -1) ,7
(0, -2, -3, -3, -2, 0, 0, 0) ,7
(-2, -2, -1, -1, -2, -1, -2, 0) ,7
(0, -1, 0, 1, -2, -1, -2, -1) ,7
(-3, -3, -1, -2, -2, -2, 0, -1) ,7
(-2, 0, 1, 1, 0, -1, -1, 0) ,7
(0, -2, -1, 0, -1, -1, -2, 0) ,7
(-1, -1, 0, 0, -3, -1, -2, -3) ,7
(-2, 0, -1, 2, 0, -1, -1, 0) ,7
(-1, -3, -6, -7, -4, -1, -1, -1) ,7
(-2, 0, -1, 2, 2, -1, -1, -2) ,7
(0, -2, -2, -1, 0, -2, -1, -1) ,7
(-1, -1, 0, -3, 0, -3, 0, -2) ,7
(-2, -2, 1, 0, 0, 0, -1, -2) ,7
(0, 0, 1, 0, -2, -3, -2, -1) ,7
(0, -2, -3, 0, -1, 0, -1, 0) ,7
(-3, -4, -5, -1, -3, 0, -2, -2) ,7
(-1, -1, -1, -1, 1, -2, 0, -1) ,7
(-1, -3, -2, -1, -2, -3, -2, -1) ,7
(-1, -1, 0, 0, -1, -1, -2, -1) ,7
(1, 0, 0, -1, -1, 0, -1, -2) ,7
(-1, -1, 0, 1, 0, -1, -1, -1) ,7
(-1, -1, -1, -1, 0, -2, 1, 0) ,7
(-1, -1, 1, -1, -1, -2, -2, 2) ,7
(-1, -1, -3, -1, 0, -1, 0, -3) ,7
(0, -1, -2, -1, -1, 1, 0, -1) ,7
(-2, 0, -2, -1, -1, -4, 0, -2) ,7
(0, -1, 2, 2, 2, 1, 0, 0) ,7
(-2, -2, -3, -3, -1, -1, -1, 0) ,7
(-2, -2, 1, 0, -2, -1, -2, -1) ,7
(-2, 0, 0, -1, -2, 1, -1, -1) ,7
(-1, 0, 0, -3, -3, -1, 0, -3) ,7
(-1, -2, 0, -3, -1, 0, -1, -1) ,7
(-1, -1, 0, -2, -2, -2, -1, -1) ,7
(-1, 0, 1, -2, -1, 0, -3, -1) ,7
(-2, -2, -2, -2, -2, -3, -3, -1) ,7
(0, 0, 0, 0, 0, -1, 0, -1) ,7
(-1, -2, -3, -1, -2, -2, 0, -2) ,7
(-1, -1, -1, -2, -2, -1, -2, 0) ,7
(0, 0, -1, 0, -1, -1, -2, -1) ,7
(-2, -1, 1, -1, 0, -1, 0, 2) ,7
(-1, 0, -3, -2, -2, -2, -2, -1) ,7
(0, 0, -2, -1, 0, -1, 0, -1) ,7
(-1, 0, -2, -1, 0, -2, -1, -1) ,7
(-1, -3, 0, 0, -3, 0, -1, -1) ,7
(1, -1, 0, 1, 2, -1, -1, -1) ,7
(-1, -2, -1, 0, -1, 0, 0, 0) ,7
(-1, 0, -1, -1, 0, -1, 0, -3) ,7
(0, 1, 3, 0, -2, -1, -1, -2) ,7
(-2, -3, -5, -4, -1, 0, 0, -1) ,7
(0, 0, 1, -1, 0, 0, -2, -1) ,7
(-2, -3, -2, -1, -1, 0, 0, -1) ,7
(0, -1, -2, 1, 1, 1, -1, -2) ,7
(-1, -1, 0, -3, -3, -2, 0, -1) ,7
(-2, -3, -1, 0, 0, -1, -1, -1) ,7
(-1, -2, -2, -1, -1, -1, -3, 0) ,7
(-1, -2, 2, -1, -2, -2, -2, 0) ,7
(-2, -2, -2, -1, 0, -1, 0, -1) ,7
(0, 1, 0, -2, 1, 0, -2, -1) ,7
(-1, -2, -1, 0, -1, -2, -1, -1) ,7
(-1, 0, -1, 1, 0, -1, -1, -1) ,7
(-2, -1, -4, -3, -4, -3, -2, -1) ,7
(1, -1, -1, 0, 0, 2, 0, 0) ,7
(-1, -1, -1, -1, -2, -1, -1, -2) ,7
(-1, -1, -2, -2, -2, -2, 2, -1) ,7
(-2, -1, 0, -2, 0, -2, -2, -1) ,7
(0, -3, -1, -3, -1, -1, 0, -1) ,7
(-2, -2, 1, -2, 0, -2, -1, -2) ,7
(-1, -2, -1, -1, -2, 0, -2, -1) ,7
(-1, 1, 0, 1, -1, 1, -1, -2) ,7
(0, -1, -1, 0, -2, -1, -1, 0) ,7
(0, 0, 0, 0, 0, 0, 1, 1) ,7
(0, -1, -3, -2, 0, -1, -1, -2) ,7
(-2, -1, -3, 2, 0, -2, -1, -1) ,7
(-1, 0, -2, -2, -2, -2, -1, 0) ,7
(0, -2, 2, 0, 0, -1, -1, 0) ,7
(-3, -3, -3, -2, -2, -3, -4, -1) ,7
(0, -1, -1, 0, 0, 1, -1, -1) ,7
(-2, -1, -1, 0, -1, 0, -2, -2) ,7
(0, 0, 1, -1, -1, -1, 0, 1) ,7
(-2, -2, 0, 2, 0, -2, -1, -1) ,7
(-1, -1, -1, -2, -2, -2, 0, 0) ,7
(0, 0, 0, -1, -2, -1, -1, -1) ,7
(-2, -1, -2, -3, 0, 0, -1, 0) ,7
(0, -2, -2, -3, -1, 1, -1, -1) ,7
(-2, -3, -3, -5, -3, -4, 0, -1) ,7
(-2, 0, -1, 0, 1, -1, -1, -1) ,7
(0, 0, 0, -3, -1, -1, -2, -1) ,7
(-2, -1, -1, 0, -1, -2, -2, 0) ,7
(-1, -1, 0, 1, -1, 1, -2, 0) ,7
(-2, -1, -1, -1, -2, -3, -1, -2) ,7
(-1, -1, -1, 1, 0, -1, -2, -1) ,7
(0, -3, -3, -4, -1, -1, 1, -1) ,7
(-1, -2, -1, -2, -1, -2, 0, 0) ,7
(-2, -3, -1, -1, -3, -1, -1, -1) ,7
(-1, 0, -1, -1, -1, -1, -1, -2) ,7
(-1, -1, 0, -1, -2, -1, -2, -3) ,7
(-1, -2, -3, -1, 0, -2, -2, -2) ,7
(-1, -3, 1, -2, -2, -2, 0, -1) ,7
(-2, -1, -3, 1, -1, 0, -2, -2) ,7
(-1, -3, -3, -2, -5, 1, 1, 1) ,7
(-2, 0, -1, -1, -1, 0, -1, -1) ,7
(-1, -1, 0, 0, 0, -2, -1, -1) ,7
(-2, -2, -1, 0, -1, 0, -1, -3) ,7
(1, 1, 2, -1, -2, -3, -2, -1) ,7
(-1, 0, 1, -1, -1, -2, -1, 0) ,7
(0, -3, -3, -2, -2, -1, -2, 0) ,7
(-1, -3, -2, -3, -1, -1, 0, 0) ,7
(0, 1, 1, 3, 1, 0, 0, 0) ,7
(-2, -2, -1, 2, -2, -1, -1, -1) ,7
(-2, -1, -2, -2, 0, -2, -2, -1) ,7
(-1, -4, -1, -1, -1, -1, -1, 0) ,7
(1, -1, -1, 0, 1, 0, -1, 0) ,7
(0, -1, -1, -2, 0, -2, -1, -1) ,7
(-1, 2, 2, -1, 1, 0, -2, 0) ,7
(-2, 0, -3, -2, -3, -1, -1, -2) ,7
(-2, -1, -1, -1, -1, 0, -1, -2) ,7
(-1, -3, -1, -1, -2, -1, 0, -1) ,7
(0, -1, 1, -1, -1, -1, 0, -1) ,7
(0, -1, 0, -2, -1, -1, -1, -2) ,7
(0, 0, 0, -1, -2, -3, 0, 0) ,7
(-2, -1, -4, -2, 0, -2, -1, -2) ,7
(-2, -2, -3, -1, 0, -1, 1, 0) ,7
(0, -1, -1, 0, -2, -1, 0, 0) ,7
(0, 1, -1, 0, 1, 0, -2, -1) ,7
(0, -1, 2, 0, -2, 0, -2, -1) ,7
(0, -1, 0, 0, -2, -3, -1, -1) ,7
(0, 0, -1, 1, -1, 0, -1, 0) ,7
(-2, -1, 0, -1, 0, 0, 0, -1) ,7
(-1, 1, 2, 1, -1, -1, -1, -1) ,7
(-2, -4, -4, -2, 0, -1, -1, -2) ,7
(-1, 0, -1, 0, -1, 0, -1, 0) ,7
(-1, 0, 0, 0, -1, -1, -2, -1) ,7
(0, -2, -1, 0, 1, -1, -1, -1) ,7
(-1, -1, 1, 1, -2, 1, -2, -1) ,7
(-1, -1, -3, -1, -2, -2, -1, -3) ,7
(-1, 0, -1, -3, -2, 1, -1, -1) ,7
(0, 1, 1, -2, 0, -1, -2, -1) ,7
(-3, -1, -2, 0, -2, -1, -1, 0) ,7
(-1, -2, -3, -3, -1, -2, -1, -3) ,7
(-2, -1, -1, -1, -1, -1, -1, -3) ,7
(-3, 0, 0, -1, -1, -3, -1, -1) ,7
(-1, -2, -1, -2, 0, -2, -1, -2) ,7
(-1, -1, 0, -1, -1, 0, -1, -2) ,7
(1, -1, -1, 3, -1, 0, 0, -1) ,7
(-2, -6, -7, -6, -5, -2, -1, -1) ,7
(0, 1, 1, -1, -1, 0, 0, 2) ,7
(-2, -2, -2, -1, 0, -3, -2, -1) ,7
(0, -1, -3, 0, -2, 0, -1, -2) ,7
(-2, 0, 0, -1, 0, -2, 0, -3) ,7
(-1, 0, 0, -1, -1, -1, -1, -1) ,7
(1, -1, -1, -1, 0, -2, -1, 0) ,7
(-2, 1, -2, -1, -2, 0, 0, 0) ,7
(0, -1, -3, 0, -1, -1, -1, -1) ,7
(-1, -1, -1, -1, -1, -2, 0, 0) ,7
(-2, -1, 1, 2, 0, -1, -1, 0) ,7
(-1, -3, -5, -2, -2, -1, -1, 0) ,7
(-1, -1, 0, -2, 1, -1, -1, 1) ,7
(0, -1, -1, -1, -2, -2, -2, -2) ,7
(-1, -3, 0, -1, -3, 0, -1, -1) ,7
(0, -2, 0, -1, 1, -2, -1, -1) ,7
(-1, -1, -1, -1, -1, -1, -2, -1) ,7
(-2, -1, -1, 1, 0, 0, -1, -1) ,7
(-2, -1, -5, -2, -2, -1, -2, -2) ,7
(-1, -1, -2, -1, -2, -2, -2, -2) ,7
(0, -1, -1, -3, 0, -1, 1, 0) ,7
(-2, -1, 0, 0, -2, -1, -1, -2) ,7
(-1, 1, 0, 1, -1, 0, -1, -1) ,7
(-1, -2, -3, -3, 0, 0, 1, -1) ,7
(-2, -2, -1, 0, -1, -1, -1, 0) ,7
(0, 0, 1, 1, -1, -2, -1, 1) ,7
(-1, -2, -2, -2, -1, -1, -1, -1) ,7
(-1, -1, 0, -2, -2, -1, -2, -3) ,7
(0, 0, -1, 1, -1, 0, 0, -2) ,7
(-1, -2, -1, -1, -2, -1, 0, -3) ,7
(-2, 0, 0, 0, -2, -1, -1, 0) ,7
(-1, -1, -2, -1, 0, 0, -1, 0) ,7
(0, -1, -1, -2, 0, -2, -1, -2) ,7
(1, -1, 0, -2, -1, 0, -3, -1) ,7
(-1, -1, -1, 0, -2, -1, -2, -1) ,7
(-2, -2, -3, -2, -2, 0, 1, -2) ,7
(-2, -3, 0, -1, -2, -1, -1, -1) ,7
(-3, -4, -2, -2, -2, -1, -2, 0) ,7
(0, -1, 1, -2, 0, -3, 0, -3) ,7
(-1, 2, 1, -1, 0, -1, -1, -1) ,7
(-2, -3, -4, -3, -1, -2, 0, -1) ,7
(-1, -2, -1, -1, -1, -1, 0, -1) ,7
(0, -2, -1, 0, 0, -1, -1, -2) ,7
(-1, 0, -1, 1, 1, -1, -2, 0) ,7
(0, -2, 0, -3, 1, -2, 0, 0) ,7
(-1, 0, 0, -2, -1, -1, -1, -2) ,7
(-1, -2, -3, -2, -1, -1, 0, 0) ,7
(-3, -1, -4, -2, -3, -2, -2, -2) ,7
(-1, 0, -1, 0, -1, 0, -2, -2) ,7
(-2, 0, -1, -2, 0, -2, -4, -1) ,7
(-1, 0, 1, -2, 0, 0, 1, -1) ,7
(0, -3, -2, -1, -1, -4, -2, -2) ,7
(-2, -1, -1, -1, 0, -2, -2, -2) ,7
(0, 0, 0, 1, -1, -1, 0, -1) ,7
(-3, -2, -3, -4, -1, -2, -1, -2) ,7
(1, -2, -2, -2, 1, -1, 1, 0) ,7
(-2, 0, -2, 1, -4, -2, -1, -1) ,7
(-1, -2, -2, -2, -1, -1, -2, 0) ,7
(-1, -1, 0, -2, 0, -1, -1, 1) ,7
(-1, -1, -1, 0, -2, 1, 0, 0) ,7
(-2, -2, -1, 0, -1, -2, 0, -2) ,7
(-2, 0, -2, 0, 0, 0, 1, -2) ,7
(-1, -2, -1, 1, -2, -2, -1, -1) ,7
(-1, -1, -1, 0, -2, -2, -1, 0) ,7
(-1, -1, -1, -2, -2, 0, -2, -1) ,7
(-2, -2, -1, -2, -1, -1, 1, -2) ,7
(0, -2, 0, 1, 0, 0, -1, -2) ,7
(-1, -1, -1, -3, -1, 0, -2, -2) ,7
(-2, -1, -1, 0, -1, -1, -1, -1) ,7
(-1, -2, -2, -2, 1, -2, -2, 0) ,7
(-2, -1, 0, -1, -1, 1, -1, 0) ,7
(-1, -4, -3, -2, -1, 0, -1, -1) ,7
(-1, 0, -1, 0, -1, -3, -2, -1) ,7
(-2, -2, 0, -2, -1, -2, -2, -2) ,7
(-1, -3, -3, -2, -2, -2, -1, -1) ,7
(-1, 0, -2, 1, -1, 0, -1, -2) ,7
(-3, -1, -2, -1, 0, -1, 0, 0) ,7
(1, -1, -1, -2, -4, 0, -1, 0) ,7
(-1, -1, -2, 1, -2, 0, -2, 0) ,7
(-1, -1, 2, -1, 1, 0, -1, -1) ,7
(-2, -3, -1, -1, 1, 0, 1, -1) ,7
(-1, 0, 0, -1, -1, -2, 0, -1) ,7
(-2, 0, -1, -1, -2, -3, -1, -2) ,7
(-1, 0, -1, 1, -1, -1, 0, 0) ,7
(0, -1, 1, -2, 0, -4, -1, 0) ,7
(-1, -3, -2, -1, -1, -1, 0, -1) ,7
(-2, -2, 0, 0, 0, -2, 0, -3) ,7
(-2, -1, -1, -1, -1, -1, -2, -1) ,7
(-2, 0, -1, -1, -3, -2, -1, -2) ,7
(0, -1, -1, 0, -2, -1, -2, 0) ,7
(-2, -1, -1, -1, -1, -1, -3, 0) ,7
(-2, -2, -1, -2, 0, -2, 0, -1) ,7
(-1, -1, -3, -2, 0, -3, -1, -1) ,7
(-2, 0, 0, -1, -1, -2, 0, -1) ,7
(-1, 0, -1, -3, -2, -2, -2, 0) ,7
(0, -2, -2, -2, -1, -1, -1, -2) ,7
(-3, -3, -5, -2, 0, -2, -2, -3) ,7
(-1, -1, 0, 0, -2, 0, 0, -2) ,7
(-1, -1, -1, 0, 0, 0, -3, -2) ,7
(-3, -1, -1, -1, -2, 0, 0, -2) ,7
(0, -1, -3, -2, -1, -1, 0, -2) ,7
(0, -1, -2, -1, 0, -1, 0, 0) ,7
(-2, -1, -1, 0, -1, -2, -2, -1) ,7
(-2, 0, 0, 0, -1, 0, -2, 0) ,7
(0, -3, 1, 0, -1, 0, 0, -1) ,7
(0, -1, -1, 0, -2, 1, -1, 0) ,7
(-1, -2, -2, -3, 0, -2, -2, -1) ,7
(-1, -1, -2, -1, 0, -1, -2, -2) ,7
(-3, 0, 2, -1, 0, 2, -1, -1) ,7
(-1, -2, -3, -1, -1, -2, 0, -1) ,7
(-1, -2, -4, -2, -2, -2, 1, -1) ,7
(0, -3, -2, -1, -1, 0, 0, -1) ,7
(-2, -2, -1, -1, -2, -3, -4, 0) ,7
(0, 0, -2, -2, 0, -1, 1, -2) ,7
(-1, -1, -3, -1, 1, 0, 0, -1) ,7
(-2, 0, 0, -1, -1, -4, -1, 0) ,7
(0, -2, -3, -1, -1, 0, -1, 0) ,7
(0, 0, 1, 0, 0, -2, -1, -1) ,7
(-1, 0, 0, -2, -2, -2, -1, -1) ,7
(0, -2, -2, -2, -1, 0, 0, 0) ,7
(-1, 0, 1, 0, -2, -2, -2, -1) ,7
(-1, 0, 0, 0, 0, -1, 0, 0) ,7
(-1, -2, 1, 0, 0, -1, 0, -1) ,7
(-2, -3, -5, -2, -1, -2, -1, -2) ,7
(-2, -2, -1, -2, -2, -1, 0, 0) ,7
(0, -4, 1, -3, -1, 0, -2, -2) ,7
(-1, -1, -4, -3, -2, -2, -1, -1) ,7
(0, -2, -2, 0, -1, -1, -2, -2) ,7
(-3, 0, 0, 0, -2, -1, -1, -1) ,7
(-2, -1, -3, -3, -1, -1, -1, -1) ,7
(0, -1, -1, -1, -1, -1, 0, 1) ,7
(-3, 0, -1, -3, 0, 0, 0, -1) ,7
(-1, 0, 0, -2, -1, -1, 1, -1) ,7
(-1, 0, -1, 0, -2, -2, -1, 0) ,7
(0, -1, -1, -1, -1, -1, -1, -1) ,7
(0, 0, 0, 1, -2, 0, 0, -1) ,7
(-2, -1, -1, -1, 2, 1, -1, -2) ,7
(-1, -3, -2, -1, -1, -1, -1, 0) ,7
(0, -1, -2, -2, 0, 0, -3, 0) ,7
(-2, -1, -2, -2, -2, -1, -1, -2) ,7
(-2, -2, -1, 1, -1, -2, 0, -1) ,7
(-1, -3, -3, -4, -3, -1, -3, -1) ,7
(-1, -2, -2, -1, -1, 1, -1, -2) ,7
(-1, 0, 0, 0, 0, -1, -1, 0) ,7
(-1, 1, 0, -2, -2, -3, -2, 0) ,7
(-2, -1, 0, 0, 0, -1, -2, -2) ,7
(-2, 1, -1, 0, -2, -2, 0, -2) ,7
(0, -1, -1, -1, -1, 0, -2, -1) ,7
(0, -1, -1, 0, -1, -2, -1, -2) ,7
(-1, 0, -1, 0, -1, -1, -1, -1) ,7
(0, 0, 0, -2, -2, -2, -2, -2) ,7
(0, -1, -1, -1, 1, -1, 0, 0) ,7
(-1, 0, 0, 0, 1, -1, -3, -1) ,7
(-2, 0, 1, 0, -2, 0, -2, -2) ,7
(1, -2, -2, -1, 0, 0, 0, -1) ,7
(-1, -2, -1, 0, -1, -1, -1, -1) ,7
(-2, -3, -3, -2, -1, -1, 0, 0) ,7
(-1, 1, 0, 0, 0, 0, 1, -1) ,7
(-2, -1, 0, 2, 0, -1, -1, -1) ,7
(0, -1, 0, -2, -2, -2, -3, -3) ,7
(1, -2, -1, -2, -1, -1, -3, -2) ,7
(-1, 0, -2, -2, -2, -1, -2, -1) ,7
(-1, -1, -1, -3, 0, -1, -1, -2) ,7
(-1, 2, 0, -1, -1, 0, -1, -2) ,7
(-1, -3, -4, -4, -1, -2, 0, 0) ,7
(-1, -2, 1, -1, -2, -2, 0, -1) ,7
(-1, -1, 0, 0, 0, -1, 0, 0) ,7
(-2, -2, -4, 0, -3, -2, -3, -1) ,7
(-2, -1, 1, 0, 0, -1, -1, 0) ,7
(0, -3, -1, -2, -2, -2, -2, -1) ,7
(0, -2, -3, -2, -2, 0, 0, 1) ,7
(-1, -2, -2, -1, -1, 0, 1, -1) ,7
(-1, -1, 1, 1, 0, -3, -2, -1) ,7
(-1, -3, -4, -2, -3, -2, -1, 0) ,7
(-1, 0, 0, -2, -1, -1, -1, 0) ,7
(0, 1, 0, -1, -1, -2, -1, -1) ,7
(-4, -3, -4, -3, -2, -3, -2, -3) ,7
(0, 1, 0, 0, -1, -1, 0, -1) ,7
(-1, -2, -2, -2, -3, -2, -3, -1) ,7
(-2, -1, -2, -1, -2, 2, -2, -1) ,7
(0, 0, 1, 0, -2, -2, 0, -1) ,7
(-1, -2, 0, -3, -1, -2, -3, -1) ,7
(-1, -2, -1, -2, -2, -1, -2, -2) ,7
(1, -2, 0, 0, 0, -1, 0, 0) ,7
(1, 0, 1, -2, 0, 0, -2, 0) ,7
(-3, -3, -3, 1, 0, -2, -3, -1) ,7
(0, 0, -1, 0, 1, 1, -1, -2) ,7
(-1, -2, -3, -2, 0, -2, 1, -3) ,7
(-2, -1, -1, -2, -3, -1, 1, -2) ,7
(0, 0, -1, -1, -1, 0, 0, -2) ,7
(-2, -3, -3, -2, -3, -3, 0, 0) ,7
(-2, -3, -2, 1, 0, -2, -3, -1) ,7
(-2, 0, 1, -1, 0, -2, -1, 0) ,7
(-1, -2, -1, 0, -1, 0, -1, 0) ,7
(0, 0, 1, 0, -1, -2, -1, -1) ,7
(-1, -2, -4, -2, -2, -2, 0, -2) ,7
(-1, -1, 0, 0, -2, -2, -1, -2) ,7
(-2, 0, -1, 0, -1, -2, -2, -1) ,7
(0, 0, -2, -1, -1, 0, -1, -1) ,7
(-2, -2, -3, -1, 0, -2, 0, 0) ,7
(-2, -1, -1, -1, -1, -2, -2, 0) ,7
(0, -1, 0, -1, 0, 0, -1, -1) ,7
(-3, -3, -3, -1, -1, -1, 0, -2) ,7
(-1, 0, 0, -3, -2, 0, 0, -1) ,7
(-2, -1, -1, 0, -1, -2, -1, 0) ,7
(0, -1, -1, -2, -3, -1, -3, -2) ,7
(-2, -1, 0, -1, -2, -1, 0, -1) ,7
(1, 0, 0, -2, -2, -1, -1, -1) ,7
(-1, -2, 0, -1, -1, 1, -2, -1) ,7
(-1, -3, 1, -1, -1, 1, -1, -2) ,7
(-2, -1, -3, 0, 0, -1, -2, -1) ,7
(-1, -1, -1, -2, 1, -1, 0, 1) ,7
(-2, 0, -2, 0, 0, -1, -2, -1) ,7
(0, 0, -1, 0, 0, -1, 0, -2) ,7
(-1, -4, -2, -1, -2, -2, -2, -2) ,7
(0, -1, -3, -1, -1, -1, 1, -3) ,7
(-1, 0, 1, 0, 1, -2, -1, 0) ,7
(-1, -1, -1, -1, -1, -1, -1, 1) ,7
(0, 0, -1, -1, 1, 0, -1, 0) ,7
(-2, -1, -2, -1, -3, 0, -1, -2) ,7
(-2, -1, -1, -2, -2, -1, -1, -1) ,7
(-2, -1, -3, -2, -1, 0, -1, -1) ,7
(0, -2, -1, 2, -2, -2, -1, -2) ,7
(-2, -1, -1, -2, 0, 0, -2, -2) ,7
(0, 0, 1, 0, -1, 0, -2, -1) ,7
(-2, -2, -1, -1, -1, -2, 0, -1) ,7
(-2, -1, 0, -3, -2, -1, 0, 0) ,7
(-1, -2, -2, -2, 0, -1, -1, -1) ,7
(-2, -1, 0, 0, 0, -1, 1, -1) ,7
(-1, 0, -2, -4, -2, -2, -1, 0) ,7
(-1, -2, -2, 2, 0, 0, -1, 0) ,7
(-2, 0, -1, 0, -1, -1, 0, -3) ,7
(-2, -1, -1, -2, -1, -3, 0, 0) ,7
(0, -2, -2, 0, -1, -2, -2, -2) ,7
(-2, -1, -1, -2, -1, -2, -1, -1) ,7
(-2, 1, -1, -2, -1, 0, -3, -1) ,7
(-1, -1, 0, -3, -1, -1, -2, -3) ,7
(-1, -1, -2, 0, -2, 0, -1, 0) ,7
(-2, 0, -3, -2, -2, -1, -2, -1) ,7
(-1, -2, -2, 1, -1, -1, 0, 0) ,7
(-2, 0, 1, -1, 0, -1, 2, -1) ,7
(-2, -1, -1, -1, -1, -1, -2, -2) ,7
(0, -2, -1, -1, 1, -1, -1, 0) ,7
(-1, -2, -2, -3, -2, -1, -1, 0) ,7
(-1, -2, -1, -1, 0, -1, -2, -1) ,7
(-2, 0, 0, -2, -2, 0, -1, -1) ,7
(-1, -2, -2, -2, -2, -3, -1, -1) ,7
(-1, -2, 1, -2, 0, -2, -1, 1) ,7
(1, 1, 1, -2, 0, 0, 1, -1) ,7
(-1, -2, -3, -2, -2, -1, 0, -2) ,7
(-1, -3, 0, 1, -1, -3, -2, -1) ,7
(0, -2, 1, 0, -1, -2, -1, -1) ,7
(0, -1, 2, -1, 0, -2, -2, -1) ,7
(-1, -1, 0, 0, -2, -3, 0, -1) ,7
(0, -1, 0, 0, 0, 1, -2, 0) ,7
(-1, 1, -2, 1, 1, -1, -1, -2) ,7
(-2, -1, -1, 0, -2, -2, 1, -1) ,7
(-2, -1, -2, -2, -2, -1, 0, -1) ,7
(-1, 0, -1, -3, -1, -2, -1, 0) ,7
(-2, -1, -3, -2, -2, -2, -1, -2) ,7
(-1, 0, -2, 1, 0, 0, -1, 0) ,7
(1, 0, 0, -2, 1, 0, -3, -1) ,7
(0, 0, -1, 1, 0, -1, -1, 0) ,7
(-1, -4, -4, 0, 0, -1, 0, -1) ,7
(-3, 0, 0, -2, -1, -2, -1, -1) ,7
(-2, -1, -1, 0, -1, -1, -1, -2) ,7
(-2, -1, -2, -1, 0, 0, -2, -1) ,7
(-2, -1, 0, -4, 0, -2, -2, 1) ,7
(-1, -1, -1, -1, -2, 0, 0, 1) ,7
