(-3, -2, 2, 1, 2, -6, -1, 0) ,Ready
(-3, -2, 2, -1, 0, -2, -1, -1) ,Ready
(2, -1, -1, -1, -1, 3, -1, -1) ,Ready
(-2, 0, -5, -1, -2, 2, 0, -3) ,Ready
(-1, -1, -1, -1, -1, -4, -2, 0) ,Ready
(-2, -1, 2, -2, -1, -3, -3, -2) ,Ready
(0, 1, 1, -1, -2, 1, 0, 0) ,Ready
(0, -2, -6, -2, -1, 2, -2, -4) ,Ready
(-1, -1, 0, 0, 0, -3, 0, 0) ,Ready
(0, -1, 1, -2, -2, -3, -1, 0) ,Ready
(0, -1, 2, -3, -2, 0, 0, -1) ,Ready
(1, -1, -5, -1, -2, 0, -2, -3) ,Ready
(-1, -1, 0, 0, -2, -3, 0, -1) ,Ready
(-1, -1, 0, -2, -1, -2, -1, 0) ,Ready
(0, 0, -3, 1, 0, 0, -2, -1) ,Ready
(-1, -2, -2, -2, 0, -2, -2, 0) ,Ready
(0, -1, -2, -1, -2, -2, 0, -1) ,Ready
(-2, -1, -1, -2, -1, -1, 0, -2) ,Ready
(-1, -2, 0, -2, -1, -1, 0, -1) ,Ready
(-1, -2, -1, -2, -1, -1, 1, -3) ,Ready
(-1, 0, 1, -1, -1, -1, -3, -2) ,Ready
(-1, -2, -2, -2, -2, -1, -1, -1) ,Ready
(-2, -1, -1, -1, -1, -2, -1, -1) ,Ready
(-1, -1, -2, 0, -1, -2, 0, -2) ,Ready
(-1, 0, -1, -2, -1, -2, -2, 0) ,Ready
(-1, -2, 0, -1, -1, 0, -1, -3) ,Ready
(-2, 0, 1, -1, 0, -2, -1, 0) ,Ready
(-1, -2, 0, 1, -1, -3, -1, -1) ,Ready
(-2, -1, -2, -1, 0, 0, -1, -2) ,Ready
(0, -1, -2, 0, -1, -3, -1, -1) ,Ready
(0, -1, 0, 0, -2, 1, -2, -4) ,Ready
(-1, -1, -3, -2, -1, -2, -1, 0) ,Ready
(-2, -2, -1, -1, -1, 0, -1, -2) ,Ready
(-2, -1, 0, -1, -2, -1, -2, 0) ,Ready
(-2, 0, -2, -1, -2, 0, -1, 0) ,Ready
(-1, -2, -1, -2, -1, -2, -2, -1) ,Ready
(1, 0, 0, -2, 0, -1, -1, -1) ,Ready
(-2, -1, -1, -1, 0, -1, 0, -2) ,Ready
(0, -3, -1, -1, -1, 0, -2, 0) ,Ready
(-2, 0, -2, 0, -1, -1, -2, -2) ,Ready
(-2, -2, -2, -1, -2, -2, -1, 0) ,Ready
(0, -3, 1, -2, 1, -1, -2, -1) ,Ready
(0, -1, -1, -1, -1, 0, 0, -1) ,Ready
(-1, -2, -2, -1, -1, -3, -1, -1) ,Ready
(-1, 0, -2, -1, -1, -1, -1, -1) ,Ready
(-1, -2, -2, 0, -3, -2, -1, -1) ,Ready
(1, -2, -2, -2, -3, -1, 0, -3) ,Ready
(-1, -1, 0, 1, -1, -1, 0, -1) ,Ready
(1, -1, -2, -1, -1, -1, -1, -1) ,Ready
(-2, -1, 1, -1, -1, -2, -1, -2) ,Ready
(-2, -2, -2, -2, -2, -1, -1, -1) ,Ready
(-1, -1, -3, -1, -3, -1, -2, -1) ,Ready
(-1, -2, -1, -1, -2, -1, -2, -1) ,Ready
(-1, 0, -2, 0, 0, 0, 0, -1) ,Ready
(-2, -1, -2, 0, -1, -1, -1, -1) ,Ready
(0, 0, -1, -1, 1, -2, -1, 0) ,Ready
(-2, -1, -2, -1, -1, -2, -2, -1) ,Ready
(-1, -1, -2, 0, -1, -1, -3, 0) ,Ready
(0, -1, 0, -1, -1, -5, 0, -2) ,Ready
(-1, -1, -1, -1, -1, -1, 0, -1) ,Ready
(0, 1, 0, -2, -3, -1, -1, -3) ,Ready
(0, -1, -3, -1, -1, -1, 0, -2) ,Ready
(-2, 0, -1, -2, 0, -1, -2, -1) ,Ready
(-1, 0, -1, -1, -1, 0, 0, 0) ,Ready
(-1, -1, -1, -1, 0, 0, -1, 0) ,Ready
(-1, -2, -1, -3, -1, -1, -2, -2) ,Ready
(0, -2, -2, -1, 0, 0, 0, -4) ,Ready
(0, -1, 0, 1, 0, -1, -1, -1) ,Ready
(-2, 1, -1, -1, -2, 0, 0, -1) ,Ready
(-2, -3, 1, -2, -1, -2, -1, -1) ,Ready
(0, -2, -1, 0, -1, -2, 0, -1) ,Ready
(-2, 0, 0, -2, -1, -3, -1, -1) ,Ready
(-1, -2, 0, -2, -2, -3, -3, -1) ,Ready
(0, 0, -2, 0, -2, -1, -2, -1) ,Ready
(0, 0, -2, -2, -1, -2, -1, -2) ,Ready
(-1, -1, 0, -2, 0, 0, 0, 0) ,Ready
(-1, -1, -2, -1, -1, 1, 0, 1) ,Ready
(-1, -1, -1, -2, -3, -2, -2, 0) ,Ready
(-1, -2, -2, -1, -3, 0, -1, -1) ,Ready
(-1, 1, -1, -1, 0, -1, -1, -2) ,Ready
(-1, -2, -3, 0, 0, 0, -2, -1) ,Ready
(0, -3, -1, 0, -2, -1, -2, -2) ,Ready
(-1, -1, -1, -2, -1, 0, 0, -1) ,Ready
(0, -1, 0, -1, 0, 0, -1, 0) ,Ready
(-2, -2, -3, 0, -1, -1, 0, -1) ,Ready
(-1, 0, -2, 0, 0, -1, -2, -2) ,Ready
(-1, -1, -1, -1, 0, -4, -2, -1) ,Ready
(-2, -2, 0, -2, 0, -1, -2, 0) ,Ready
(-1, 0, -2, -2, 0, -1, -2, -1) ,Ready
(-1, 0, -1, -1, -2, -1, -1, -1) ,Ready
(-3, -1, -2, -1, -1, -1, -2, 1) ,Ready
(-2, -2, 0, 1, -2, -1, 2, -1) ,Ready
(-3, -2, -1, 1, -2, 0, 0, -2) ,Ready
(-1, -1, 0, 0, -1, -2, 0, 0) ,Ready
(-1, -1, 0, -2, -2, -1, 1, -1) ,Ready
(0, -1, -2, -1, -1, 0, -1, 0) ,Ready
(-1, -1, -1, -3, -1, -1, -2, -1) ,Ready
(-2, -2, -1, -1, 0, -3, -2, 0) ,Ready
(0, -1, -3, -1, -1, -1, -3, -2) ,Ready
(-1, -1, -1, 0, 0, -3, 1, -2) ,Ready
(-2, 1, -2, -1, 0, -1, -1, -1) ,Ready
(1, 0, -1, 0, 0, -1, 0, 0) ,Ready
(0, -1, 1, -3, -1, -1, -2, 0) ,Ready
(-2, -2, -1, -1, -2, -1, -1, -1) ,Ready
(-1, -1, -2, -1, -2, -2, -1, 0) ,Ready
(-4, 1, 0, -3, 0, -3, 0, -1) ,Ready
(0, -2, -2, 1, -2, 1, 1, -2) ,Ready
(-1, -2, 0, -1, -2, -1, -1, -1) ,Ready
(-2, -2, 2, -2, -1, 1, 0, -1) ,Ready
(-1, 0, 0, 0, -2, -2, -1, -1) ,Ready
(-1, -3, -2, -2, -2, -1, 1, 0) ,Ready
(-1, -2, -2, -3, 0, 0, -2, 0) ,Ready
(0, -1, -2, 0, -1, -1, -1, -2) ,Ready
(1, -2, -1, -3, -1, -1, -2, 0) ,Ready
(0, 1, 0, 0, -1, -1, -1, -1) ,Ready
(0, -1, -1, 1, -2, -2, -1, -1) ,Ready
(-1, -1, 0, -2, -2, -1, 0, -1) ,Ready
(-1, -2, -2, 0, -1, -1, -1, -3) ,Ready
(0, 0, -1, -2, 0, -3, -1, -2) ,Ready
(-1, 1, -1, -1, -1, -1, -2, -1) ,Ready
(-1, 0, -2, -1, -1, -1, -2, -1) ,Ready
(-1, -2, -2, 1, -1, -3, -1, -1) ,Ready
(-1, -1, 0, -1, -1, -2, -1, 0) ,Ready
(-1, 1, 0, -1, -2, -2, 0, -1) ,Ready
(-1, -1, -2, -1, -2, 0, -1, 0) ,Ready
(-2, -3, -2, -1, -2, 0, -2, -1) ,Ready
(-1, -1, -1, -1, 0, 0, -1, -2) ,Ready
(0, 0, -2, -2, -1, -1, -2, -2) ,Ready
(-1, -1, -3, -1, -2, -1, -2, 0) ,Ready
(-1, 0, -1, -1, -1, 1, 0, -1) ,Ready
(0, -2, 0, -1, 0, -2, 0, -1) ,Ready
(-2, -3, -1, -1, -2, -2, 0, -1) ,Ready
(0, -2, 0, -2, -2, -2, 0, -2) ,Ready
(-2, -2, 0, -1, -2, -2, -2, 0) ,Ready
(-2, -1, 0, -1, -1, 0, -1, 0) ,Ready
(0, 0, -1, -1, -2, 0, -1, 0) ,Ready
(-1, -2, -1, 0, -1, -2, 0, -2) ,Ready
(-1, 1, -1, -2, -1, -2, -2, -2) ,Ready
(-1, 0, -1, -2, 0, -1, 0, -1) ,Ready
(0, 0, -2, -2, 2, -1, -1, -1) ,Ready
(-1, -1, -2, -1, -1, -3, 0, -1) ,Ready
(0, -1, -1, -1, -2, 0, 0, -1) ,Ready
(-1, 0, -1, -2, -2, -1, -3, -2) ,Ready
(0, -1, 0, 0, -2, -1, -2, -1) ,Ready
(0, 0, -1, -1, -1, 0, -1, -1) ,Ready
(-2, -2, 0, -1, 0, -2, -1, 0) ,Ready
(-1, -2, 0, -1, -1, -2, -1, -1) ,Ready
(-2, -2, -1, -1, -1, -1, 0, -1) ,Ready
(0, -1, -1, 0, 0, -2, 0, -2) ,Ready
(-1, -1, -1, 0, -1, -1, -2, 0) ,Ready
(-1, -2, 0, -2, 0, 0, -1, -2) ,Ready
(-1, -1, 0, -1, 0, -2, -1, -1) ,Ready
(-1, -3, 0, -2, -1, 0, -1, 0) ,Ready
(-1, -1, -1, 0, 0, -2, 0, -1) ,Ready
(-2, -2, -2, 0, -1, -1, -2, -2) ,Ready
(-2, -1, -1, 0, 0, 0, 0, -1) ,Ready
(-1, 0, -1, -2, -1, -1, -2, -1) ,Ready
(0, 0, -1, -3, -1, -1, 0, -2) ,Ready
(-2, 0, -2, -1, -3, -1, -1, 0) ,Ready
(0, -1, -2, -2, -1, -1, -1, -1) ,Ready
(-1, -2, -1, -1, 0, -2, -1, -1) ,Ready
(-2, -2, 0, 0, -2, -3, 0, -1) ,Ready
(1, -2, 0, 0, -1, -1, -2, -1) ,Ready
(0, -2, -1, -1, -3, -3, -1, -1) ,Ready
(-2, 0, -2, -2, 0, -1, -1, 0) ,Ready
(-1, 0, 0, -3, -2, -1, 0, -1) ,Ready
(-1, -1, -1, -1, -1, -2, 1, -1) ,Ready
(0, 0, -1, -1, 0, 1, -2, 0) ,Ready
(1, -1, -1, 0, -1, -1, 0, -1) ,Ready
(-1, -3, -1, -1, -1, -2, -2, -2) ,Ready
(-1, 0, -1, 0, -1, 0, 0, -1) ,Ready
(-2, -1, -3, -2, 0, -2, -1, -2) ,Ready
(-2, -2, -3, -2, -2, -1, -2, -2) ,Ready
(-1, -1, -2, -2, 0, 0, -2, 0) ,Ready
(0, 1, 1, -1, -2, -3, -1, -1) ,Ready
(-1, -2, -2, 0, 0, -1, -1, -1) ,Ready
(-2, 0, -1, -2, -3, -2, -1, -1) ,Ready
(-2, -1, -1, 0, -2, 0, -1, -1) ,Ready
(0, -2, -2, -1, 0, 1, -2, 0) ,Ready
(-1, 0, 0, -1, 0, -2, -2, -1) ,Ready
(0, 1, -1, 0, 0, -2, -1, -2) ,Ready
(1, -1, 0, -2, -2, -2, -1, 0) ,Ready
(-1, 0, -2, 1, -2, -1, -1, 1) ,Ready
(-1, -2, 1, -1, -2, 0, 1, -2) ,Ready
(-1, -2, -1, -2, 1, -1, -2, -1) ,Ready
(-1, -1, 1, -1, -1, -2, -1, -2) ,Ready
(0, -1, 0, -4, -3, -2, -1, -1) ,Ready
(-1, -2, -1, -2, -2, 0, -1, 0) ,Ready
(0, -1, -1, -1, -1, -2, -1, 0) ,Ready
(-2, -1, -2, 0, 0, -1, -2, -1) ,Ready
(-1, -2, -1, -2, -2, -1, -2, -2) ,Ready
(-2, 0, 0, 0, -2, -1, 0, 1) ,Ready
(0, -2, -2, 0, -2, -1, -1, -1) ,Ready
(0, -1, -3, -1, 0, -2, -2, -1) ,Ready
(-1, 0, -1, -1, -2, 0, -1, -2) ,Ready
(-2, -1, 0, -1, -2, -1, 0, -1) ,Ready
(-1, -2, -2, -2, 0, 1, -1, 0) ,Ready
(-2, -1, -1, -1, 0, -2, 1, 0) ,Ready
(-2, -2, -1, -1, -1, -2, -2, 0) ,Ready
(0, -2, -2, -1, -2, -1, -3, -2) ,Ready
(-1, -1, -2, -2, -1, -2, -1, -2) ,Ready
(-1, -1, -1, -1, -2, -2, 0, -2) ,Ready
(-1, 0, -3, -1, -1, -1, -2, -3) ,Ready
(0, -1, -1, -2, -2, -3, -1, -1) ,Ready
(-1, -2, 0, -3, -2, -1, -1, -1) ,Ready
(-2, -3, -1, -1, -1, 0, -2, 0) ,Ready
(-1, -2, -1, 0, -1, -1, -2, 0) ,Ready
(-2, -1, 0, -1, -2, -1, 0, -2) ,Ready
(0, 1, -1, -2, -1, -1, -2, 0) ,Ready
(-1, -2, 0, -1, -2, -1, -1, 0) ,Ready
(-2, -2, -1, 0, -3, -2, -1, 0) ,Ready
(0, 2, 0, -2, -1, -1, -1, -2) ,Ready
(-1, -2, -2, -3, -1, -3, 0, -3) ,Ready
(-1, -3, -1, 1, -2, -1, 0, -2) ,Ready
(-3, -2, -1, 1, 0, 0, -1, -2) ,Ready
(-1, -1, -1, -1, 0, 0, -1, 0) ,Ready
(0, 0, -1, 0, 1, 0, -1, -1) ,Ready
(-1, -1, -1, -1, -2, -2, -1, -1) ,Ready
(-2, -2, -2, -1, -1, -1, -1, -2) ,Ready
(-1, -1, -1, 0, -1, 0, 0, 0) ,Ready
(-1, 0, 0, 0, -1, -1, 0, -1) ,Ready
(1, -1, -2, -1, 0, 0, 0, 1) ,Ready
(-1, 1, -3, -1, -2, -2, -1, -1) ,Ready
(-1, 0, -2, -2, -2, -2, -1, -2) ,Ready
(-1, -1, -1, -2, 0, 1, -3, -2) ,Ready
(-1, 1, -1, -2, -1, 0, -2, -1) ,Ready
(-1, 0, -1, -1, 0, 1, -1, -3) ,Ready
(-1, -1, -1, -2, 0, -2, 0, -2) ,Ready
(-2, -1, -2, -1, -2, 0, 0, -2) ,Ready
(-1, -2, -1, -1, -2, 0, -1, -2) ,Ready
(-1, -2, -2, 1, 0, 0, 0, -1) ,Ready
(0, -1, 0, -2, -2, -1, -3, -2) ,Ready
(-1, -1, -3, 0, -1, -2, -1, 1) ,Ready
(0, -1, -2, -1, -1, 0, -1, -1) ,Ready
(-1, -1, 0, 0, -2, -2, -1, -1) ,Ready
(0, 0, 0, 0, -1, -1, 0, 1) ,Ready
(-1, -2, -1, 0, -2, -1, 0, -1) ,Ready
(-2, -1, 0, -1, 0, -1, -1, -1) ,Ready
(-1, -2, -2, -2, -1, 0, -1, -1) ,Ready
(0, -1, 0, -1, 0, -2, -2, 1) ,Ready
(0, -1, -2, -2, -1, -1, 0, -1) ,Ready
(0, -2, -2, 0, -3, 1, -1, -1) ,Ready
(-1, -1, -2, -1, 0, -2, 0, -2) ,Ready
(-1, -2, 0, -1, -1, -1, -1, -1) ,Ready
(0, -1, -2, -1, 0, 0, 1, -1) ,Ready
(-1, 0, -2, -2, -2, 0, 0, -1) ,Ready
(-1, -1, -1, 0, -1, -1, -2, 0) ,Ready
(-1, -2, -1, -1, -1, -1, -2, 0) ,Ready
(0, 0, 1, 0, -2, -2, 0, -1) ,Ready
(-1, -1, -1, -1, 0, -1, -2, 1) ,Ready
(-2, -2, -1, -2, -1, -1, -1, 1) ,Ready
(0, -1, -2, -1, 0, 0, 0, -3) ,Ready
(-1, 1, -2, -1, -2, 0, 0, -1) ,Ready
(-3, -1, -2, -3, 0, -2, -1, -2) ,Ready
(0, -3, -1, -1, -1, -2, -2, -1) ,Ready
(-2, -1, -1, -1, -2, -2, -2, -2) ,Ready
(0, -1, -1, -1, -1, -1, 0, -2) ,Ready
(-1, -1, -1, -1, 0, -1, -1, 1) ,Ready
(0, -1, -2, -2, 1, -2, 0, 0) ,Ready
(-1, -3, -1, -2, -2, -1, -1, 1) ,Ready
(-2, 0, -2, -1, -1, -3, -2, 0) ,Ready
(-1, -2, 0, -2, 0, 0, -3, -3) ,Ready
(0, -1, -2, -1, -1, 0, 0, -1) ,Ready
(-1, 0, 0, -2, -1, 0, -2, -1) ,Ready
(0, -2, 1, -1, -2, -2, -3, -2) ,Ready
(-1, -1, -2, 1, 0, -2, 2, 0) ,Ready
(-3, 0, 1, -1, -2, -1, -3, -1) ,Ready
(0, 0, -2, -1, -1, -1, -1, -2) ,Ready
(-3, 0, -1, -1, -1, -1, 0, 0) ,Ready
(-1, -1, 0, -2, -2, -1, -1, 0) ,Ready
(-1, -1, -2, 0, -1, -1, -1, -2) ,Ready
(-2, -1, 0, 0, -1, -2, 0, -1) ,Ready
(-1, 0, -1, -1, -3, -1, -3, -2) ,Ready
(-1, -1, -1, 0, -1, -1, -2, -2) ,Ready
(0, -3, -2, -1, -1, -1, 0, 1) ,Ready
(-1, 0, 1, -1, -1, -2, -1, 1) ,Ready
(0, -1, -1, -2, 1, -2, 0, -1) ,Ready
(-1, 0, -1, -1, 1, -1, -3, 0) ,Ready
(0, 0, -1, -1, -1, -1, -1, 0) ,Ready
(-1, -1, -1, -2, -1, -1, 0, -1) ,Ready
(-1, 0, -1, -1, -1, -1, -2, -2) ,Ready
(-2, 0, -1, -1, -1, -1, -2, -1) ,Ready
(-1, -1, -1, -2, 1, -1, -1, -1) ,Ready
(0, -4, -2, 1, -1, -2, 0, 1) ,Ready
(-1, -2, -1, -1, 0, -1, -1, -2) ,Ready
(0, -3, -1, -1, -1, 0, -1, 0) ,Ready
(-1, -1, -1, 0, 0, -1, 0, -2) ,Ready
(-2, -1, -2, -1, -2, -2, -1, -2) ,Ready
(0, -1, -1, -1, 0, -2, -3, -1) ,Ready
(-1, -2, -1, 0, 0, -1, -2, 0) ,Ready
(-2, -1, -1, -3, -1, 0, -1, -1) ,Ready
(0, -2, 0, -1, 1, 0, 2, 0) ,Ready
(-3, -1, -1, -1, -1, -1, 2, -2) ,Ready
(0, 0, 0, 0, 0, -1, 0, -2) ,Ready
(1, -3, -1, -2, -1, 0, -2, -1) ,Ready
(-1, 0, -1, -1, 0, -3, -2, 0) ,Ready
(-1, -1, -1, -2, -2, -1, -2, -1) ,Ready
(-1, -1, -2, -1, 0, -2, 0, -2) ,Ready
(0, -1, -1, -1, -2, -2, -2, -3) ,Ready
(-2, -1, 0, 2, -3, 1, -1, -1) ,Ready
(-2, -1, -1, 1, -1, 0, -2, 0) ,Ready
(-2, 0, -1, 0, -2, 0, 0, -2) ,Ready
(-1, 1, 0, -2, 0, -2, -2, -1) ,Ready
(-2, 1, 1, -2, 0, 0, -2, 0) ,Ready
(0, 0, 1, -1, -2, -1, 0, 1) ,Ready
(-2, 0, -2, -3, -1, -1, 1, -1) ,Ready
(-1, 0, -2, -1, -2, -2, -1, -2) ,Ready
(0, 0, -1, 0, 1, -2, 0, -2) ,Ready
(0, -1, -1, -2, 0, -2, -1, -3) ,Ready
(0, -1, -1, -2, -2, -1, -1, -1) ,Ready
(0, -1, -2, -1, 0, 1, 0, -1) ,Ready
(-1, -1, -1, -3, 0, -2, -1, -1) ,Ready
(-2, -3, -2, 0, -1, -1, 1, 0) ,Ready
(-1, -1, 0, 0, -1, 0, -2, -2) ,Ready
(-2, -1, -1, -2, -2, -1, -3, 0) ,Ready
(-1, -3, -2, -3, -2, -1, 0, -2) ,Ready
(-1, -1, -1, 0, -2, -2, 0, -1) ,Ready
(0, 0, 0, -1, 0, -2, -1, -1) ,Ready
(-2, -2, -1, -1, -1, -2, -1, -2) ,Ready
(-1, -1, 0, -2, 1, 0, -1, 0) ,Ready
(-2, -2, -2, 1, 0, 0, 1, -1) ,Ready
(-1, -1, -1, -1, -1, -1, -2, -2) ,Ready
(-2, -1, -1, 0, 0, -2, -1, 0) ,Ready
(-1, -1, -1, 0, -2, -2, -2, -1) ,Ready
(0, -2, 0, -1, -1, -1, -2, 0) ,Ready
(-1, 0, -3, -2, 1, 0, -1, 1) ,Ready
(-2, 0, -1, 0, -1, -1, 0, 0) ,Ready
(-1, -1, -2, -1, -2, 0, -2, -2) ,Ready
(0, 1, -2, -2, -1, -1, -2, -2) ,Ready
(-1, -2, -1, -3, 0, -2, -2, -1) ,Ready
(-1, -3, -2, -3, 0, -2, 0, -3) ,Ready
(-1, -2, -2, 0, -1, -2, 0, -1) ,Ready
(-1, 0, 1, -2, 1, 0, -1, -2) ,Ready
(0, -1, -1, -1, -1, -1, 0, -1) ,Ready
(-1, -3, 0, 0, -2, -1, 0, -1) ,Ready
(-2, -2, 1, 0, 0, -1, -1, -1) ,Ready
(0, -1, -2, 0, -2, -1, -1, -1) ,Ready
(-1, -1, -2, -1, -1, -1, -1, 0) ,Ready
(-1, -1, -1, -2, -2, 0, 0, -2) ,Ready
(0, 0, -2, -2, -3, -1, -2, -1) ,Ready
(0, -2, 0, -1, 0, -1, -1, -3) ,Ready
(-1, -1, 0, 1, -1, 1, -1, 0) ,Ready
(0, -1, -1, 0, -1, -2, -3, -1) ,Ready
(-1, -1, -2, -2, -1, -1, 0, -1) ,Ready
(0, -2, 0, 0, -1, -1, -1, -1) ,Ready
(-1, -1, -2, -1, -3, -1, -1, -3) ,Ready
(-1, -2, 0, 0, -1, -1, -2, -1) ,Ready
(-1, 0, 2, -1, -1, -2, -2, -2) ,Ready
(0, 0, -1, -2, -1, -2, 0, 0) ,Ready
(-1, -1, -1, -1, 0, -1, -1, -3) ,Ready
(0, 0, -1, 0, 1, -1, -1, 0) ,Ready
(-1, 0, -1, 0, -2, 0, 0, -2) ,Ready
(-1, -1, -2, -1, -2, 0, -2, -1) ,Ready
(-1, -2, -1, -1, -2, -1, 1, -1) ,Ready
(-2, -1, -2, -2, -2, -1, -1, -1) ,Ready
(-1, 0, -3, 0, -1, -2, -1, -1) ,Ready
(0, -2, -1, -1, 0, -1, -1, -2) ,Ready
(-3, -1, -2, -1, -1, 0, -2, -2) ,Ready
(0, -1, -1, -1, 1, -2, 0, 0) ,Ready
(1, -2, 0, 0, -2, -2, 0, 0) ,Ready
(-1, -1, -2, -1, -1, -1, -1, 0) ,Ready
(-1, -2, -1, -2, -1, -1, -2, -1) ,Ready
(0, -1, -3, -3, -2, -2, -1, -1) ,Ready
(-1, -2, -2, 0, 0, -1, -1, -2) ,Ready
(-1, 0, -1, -2, 0, 0, 0, -1) ,Ready
(-2, 0, -1, -1, 0, -2, -2, -1) ,Ready
(-1, -2, -1, 0, -1, -2, -1, -4) ,Ready
(1, 1, 0, -2, -1, 0, -1, -1) ,Ready
(-2, 0, -2, -1, -2, -1, 0, -1) ,Ready
(0, -2, -1, -1, -1, -1, -1, -1) ,Ready
(-2, 0, -1, 0, -2, 0, -1, -2) ,Ready
(-2, -2, -1, -1, 0, -1, -1, -1) ,Ready
(-1, -2, -1, -1, -1, -2, -1, -2) ,Ready
(-1, -1, 0, -2, -2, -1, -2, 1) ,Ready
(0, -1, -1, 1, 0, -1, -1, -2) ,Ready
(0, 0, -1, -1, 1, -1, -1, 0) ,Ready
(-1, -1, -1, -1, -2, 0, -1, -1) ,Ready
(-2, -1, -2, 0, -3, -1, -2, -2) ,Ready
(-3, -2, -1, -1, -3, -2, -1, 0) ,Ready
(-2, -1, -2, -1, -3, -3, -2, -2) ,Ready
(-1, 1, 0, -3, 1, -2, -2, -2) ,Ready
(0, -2, -1, 0, -1, 0, 0, 0) ,Ready
(-1, 0, -1, -2, -1, -1, -1, -1) ,Ready
(-2, -1, 0, 0, -1, -2, 1, -1) ,Ready
(0, 0, -2, 0, -2, -1, 1, 1) ,Ready
(-2, -1, -2, -1, -2, -2, 0, 1) ,Ready
(-1, -1, -1, -1, 0, -2, -2, -1) ,Ready
(0, -2, -1, -3, 1, 0, -1, -1) ,Ready
(-2, -1, -1, -2, -3, 0, -2, -1) ,Ready
(-1, -1, -1, -2, -1, -1, 0, 0) ,Ready
(-1, -1, -1, -1, 0, 0, -1, -2) ,Ready
(1, 0, 0, -2, 0, 0, 0, -1) ,Ready
(-1, 0, -3, -1, 0, 0, 0, -1) ,Ready
(-2, -2, -2, -1, -2, -1, -1, 0) ,Ready
(-1, -1, -2, -1, -3, -3, 0, -1) ,Ready
(-1, -2, 0, 0, -2, 0, -1, -2) ,Ready
(-1, -2, -2, -1, -1, -2, -1, -1) ,Ready
(1, 0, -1, -1, 0, -1, -1, -3) ,Ready
(1, -2, -1, 0, 0, -1, 0, -2) ,Ready
(-2, -1, -2, -1, 0, -1, -1, -2) ,Ready
(-3, -3, 0, 0, -1, -2, -1, 0) ,Ready
(-1, 0, 0, -1, -1, -1, 0, -1) ,Ready
(0, -1, -1, -1, -1, -5, -2, 0) ,Ready
(-1, -2, -1, 0, 0, -1, -1, -1) ,Ready
(1, 0, 0, 0, 1, 0, -2, -1) ,Ready
(-1, 0, -2, -2, -1, 0, -1, 1) ,Ready
(-2, -1, -3, -1, -1, -1, 0, -2) ,Ready
(-2, 0, -1, 0, 0, 0, 0, -1) ,Ready
(-1, -1, -2, 0, -1, -1, 0, 0) ,Ready
(-1, -1, 0, -1, -1, -1, -1, -1) ,Ready
(-2, -1, -1, -2, -1, -1, -2, 0) ,Ready
(-2, -1, 0, -1, 0, 0, 0, -1) ,Ready
(-2, -1, 0, -2, -2, -2, -1, 0) ,Ready
(-1, -2, -2, -1, 0, -2, -2, -1) ,Ready
(-1, -1, -2, 0, 1, -1, -1, -1) ,Ready
(-1, -3, -2, -2, 0, -1, -1, 0) ,Ready
(-1, -2, 0, 0, -1, 0, 0, -3) ,Ready
(-1, 0, -2, 0, -3, -2, -3, -2) ,Ready
(0, -2, 1, -2, 0, -1, -1, -1) ,Ready
(0, 1, -3, -1, -2, -2, 1, 0) ,Ready
(0, -2, 1, 1, 0, -2, 0, 0) ,Ready
(-1, -1, -2, -2, -1, 0, -1, -2) ,Ready
(-1, -1, -2, -2, -1, 0, -1, 1) ,Ready
(-1, -1, 0, -1, 1, -2, -2, -1) ,Ready
(0, 1, 0, -2, 0, -2, -2, -2) ,Ready
(0, -2, 1, -1, -1, -1, -2, -1) ,Ready
(-2, 0, -2, 0, -2, -1, -2, -2) ,Ready
(0, -2, 0, -1, -1, 0, 0, -3) ,Ready
(-1, -4, -2, -2, -2, -1, 0, 0) ,Ready
(1, 0, -1, 1, -2, -1, -1, -1) ,Ready
(-1, 0, -2, -1, -1, -2, 0, -2) ,Ready
(-1, -1, 0, -2, -2, 1, -2, 0) ,Ready
(-1, 1, -3, -1, -1, -2, 0, -3) ,Ready
(-2, -2, -2, -1, -3, -2, -1, -1) ,Ready
(-1, 1, -2, -2, 0, -2, -1, 0) ,Ready
(-2, 0, -2, 0, -1, -1, -1, 0) ,Ready
(-1, -1, 0, -2, -2, 0, -3, -1) ,Ready
(-1, 0, -1, -3, -1, -2, -1, 0) ,Ready
(-1, 0, -1, -1, -1, 0, -2, -2) ,Ready
(0, -2, 1, 0, 0, -2, 0, -2) ,Ready
(-3, -1, -2, -1, 1, -2, -2, -2) ,Ready
(-2, 0, -1, -1, -1, 0, -3, -3) ,Ready
(0, -1, -1, -2, -4, -2, -2, 0) ,Ready
(-1, 0, -1, -1, -2, -1, 0, -1) ,Ready
(-1, -2, 1, 0, -1, -1, -1, -1) ,Ready
(-2, -1, -1, -1, 0, -1, -2, -2) ,Ready
(-2, -2, -1, -2, -1, -2, 0, -1) ,Ready
(0, -2, -1, -2, -3, -1, -1, 0) ,Ready
(0, -3, -1, 0, -1, -3, -2, -1) ,Ready
(-1, -1, 0, 1, -3, 0, 0, -2) ,Ready
(0, -1, -1, -1, -3, 0, -2, -2) ,Ready
(-2, 0, -1, 0, 0, 0, -1, 0) ,Ready
(0, -2, -2, -1, -2, 1, -1, -1) ,Ready
(-1, -1, 0, -2, 1, -2, 0, 0) ,Ready
(-1, -1, -2, -1, 0, -1, -2, -1) ,Ready
(1, 0, -1, -1, 0, -1, -1, -1) ,Ready
(-1, -1, -1, -1, -2, -3, 0, -1) ,Ready
(0, 0, 1, -2, -1, -1, 0, 0) ,Ready
(0, -1, -1, -1, -1, -1, 1, 0) ,Ready
(-2, -2, -1, -1, 0, -1, 0, -2) ,Ready
(-1, 0, 0, -1, -1, -1, -1, -1) ,Ready
(0, -2, 0, -1, -1, -2, -2, 0) ,Ready
(-2, -1, -1, -2, 0, 0, -2, -1) ,Ready
(-1, -2, -2, 0, -2, 0, -1, -2) ,Ready
(-3, -1, 0, 1, 0, -1, -2, -1) ,Ready
(-2, -1, -2, -1, 0, -1, 0, -2) ,Ready
(-1, -2, -2, -2, -3, -1, 1, -1) ,Ready
(-1, 0, -3, 0, -1, -1, -1, -2) ,Ready
(-2, 0, -2, -1, -2, -3, -2, -2) ,Ready
(-1, -2, 0, -1, 0, -1, -1, -1) ,Ready
(-1, -1, -1, -1, -2, -1, -1, 2) ,Ready
(-1, 0, -1, -2, -1, -2, -1, -1) ,Ready
(-3, -2, -1, -2, -1, 0, -2, 1) ,Ready
(0, -1, 0, 0, -1, 0, 0, -2) ,Ready
(0, 0, -2, -3, 0, 0, -1, -3) ,Ready
(-1, 0, -1, -1, -1, 0, -2, -2) ,Ready
(0, 0, -2, -2, -1, 0, 0, -1) ,Ready
(-1, -1, -2, -2, -2, -2, -2, 1) ,Ready
(-1, -2, -1, 0, -1, 0, -1, -1) ,Ready
(-1, -1, -2, 0, -1, -2, -3, 0) ,Ready
(0, -2, -1, 0, 0, -1, 1, -2) ,Ready
(-1, -3, -2, -2, -1, -2, -1, -2) ,Ready
(-1, -1, -1, -1, -2, 0, -1, -1) ,Ready
(-1, -3, -2, -2, 0, 0, -3, -1) ,Ready
(0, -3, -1, -2, -1, -1, -1, -2) ,Ready
(-2, 0, -1, -1, -1, 0, -2, -2) ,Ready
(-3, -2, 0, -1, 0, -1, -1, 0) ,Ready
(-2, -1, -1, -2, -1, -2, 0, -1) ,Ready
(0, -2, 1, -1, -1, -1, -2, 0) ,Ready
(0, -3, -1, -1, 0, -1, 0, -1) ,Ready
(-2, 1, -1, 2, -1, -2, 0, -4) ,Ready
(-2, 0, -2, -2, -2, 0, 1, -3) ,Ready
(0, 0, 1, -1, -1, -1, 0, -1) ,Ready
(-1, -1, -1, 1, -3, -2, -2, 0) ,Ready
(0, -4, 0, -2, 0, 0, -1, -1) ,Ready
(-1, -1, 0, -1, 0, -1, -3, -1) ,Ready
(-2, 0, -1, -1, 0, -2, -1, -2) ,Ready
(-1, -1, 0, 0, -2, 0, 0, 0) ,Ready
(-1, 0, -2, 0, -2, -3, -2, -1) ,Ready
(-1, -3, -2, -1, -1, 0, 0, -1) ,Ready
(0, -3, -3, 0, 1, -3, -2, -2) ,Ready
(-2, -1, -1, -1, -2, -1, -1, -1) ,Ready
(-1, -2, -1, 0, -1, -2, 0, 0) ,Ready
(0, 0, -1, -2, -2, 0, -1, -2) ,Ready
(-1, 1, -2, -1, -3, -2, -1, -1) ,Ready
(-2, 0, -1, -2, 0, -1, 0, -1) ,Ready
(-1, 0, 0, 0, 0, -1, -2, -2) ,Ready
(0, 1, -1, 0, -2, -2, -1, 0) ,Ready
(-1, -2, -2, -2, -1, 0, 0, -2) ,Ready
(0, -1, -2, 0, -1, -1, -1, -1) ,Ready
(-1, -2, -2, -2, 0, -2, -3, -2) ,Ready
(-2, -4, -1, -1, 0, -1, 0, 0) ,Ready
(-1, -1, 0, -1, -2, -1, 0, -1) ,Ready
(-2, -1, -1, -1, -2, -1, 0, -1) ,Ready
(0, -1, -2, -1, 0, -2, -1, 0) ,Ready
(-1, -2, -2, -1, -3, -3, -2, -2) ,Ready
(-2, -2, -2, 0, -1, -1, -2, -2) ,Ready
(-3, -2, -1, -1, -1, -2, -2, -2) ,Ready
(-2, 0, -1, -1, -2, -1, 0, -1) ,Ready
(-1, 0, -1, 0, 0, 0, 0, 0) ,Ready
(-2, 0, 0, -3, -2, -2, -1, -1) ,Ready
(2, -2, -1, 0, 0, 0, -1, -1) ,Ready
(-2, 0, -1, 0, -1, -1, -1, -3) ,Ready
(0, -2, -2, -2, -1, -1, -2, -2) ,Ready
(-1, -3, -1, 0, -1, -2, -2, -1) ,Ready
(0, -1, -3, 0, 0, 0, -1, -2) ,Ready
(-1, -1, -2, -2, -1, -1, 0, 0) ,Ready
(-2, -2, -1, -3, 1, 1, -1, 1) ,Ready
(-1, -2, 0, -3, -2, -1, -2, -1) ,Ready
(0, 0, -1, -1, -1, -2, -2, 0) ,Ready
(1, -2, -1, -1, -1, -2, 0, 1) ,Ready
(-1, 0, -3, 0, -3, -1, 1, -3) ,Ready
(-2, -1, -1, -2, 1, -1, -1, 0) ,Ready
(-2, -1, -2, -2, 0, 0, -2, 0) ,Ready
(0, 0, -1, -2, -1, -1, -2, -2) ,Ready
(0, 1, -2, 1, -1, -4, -1, -2) ,Ready
(-1, 0, -2, 0, -2, -3, -1, 0) ,Ready
(0, -3, -2, -1, -2, -3, -1, -1) ,Ready
(0, -1, -1, 1, -1, 1, -2, 0) ,Ready
(-1, 0, -1, 0, -1, 0, 0, -3) ,Ready
(-2, -1, -2, 0, 0, -1, 1, 0) ,Ready
(-3, -2, -1, -2, -2, -2, 0, -1) ,Ready
(-1, -2, 0, -4, 1, -1, 0, 1) ,Ready
(0, -1, -2, -1, 0, 0, 0, 0) ,Ready
(0, 1, 0, -2, 0, -1, -1, 0) ,Ready
(0, -1, -2, 0, 0, 0, -3, -1) ,Ready
(-2, -1, 0, -2, -4, 0, 0, -2) ,Ready
(0, -1, 0, -1, -2, -2, -1, -1) ,Ready
(-2, -1, -2, -1, 1, -2, 0, -2) ,Ready
(0, -1, 0, 0, -1, -1, -1, -2) ,Ready
(-2, -1, -2, -1, -1, -1, -2, -2) ,Ready
(-2, 1, -1, -1, 0, -2, 0, -2) ,Ready
(-1, -1, -2, 1, -2, -1, -1, 0) ,Ready
(-1, 0, -2, -2, -1, -1, -2, 0) ,Ready
(-1, -1, 1, -1, 3, -1, -1, -1) ,Ready
(-1, -2, -1, -1, 0, -1, -1, -1) ,Ready
(-2, -2, -2, 0, -2, -3, -1, -2) ,Ready
(-1, 0, -2, -2, -2, -1, 0, 0) ,Ready
(0, -1, -2, 0, -2, 0, -1, 0) ,Ready
(-3, 0, -2, -1, -2, -2, -2, -1) ,Ready
(-1, 0, -1, -1, -2, -1, -1, -1) ,Ready
(0, -2, -1, -1, 0, 0, -1, -2) ,Ready
(0, 0, -1, 1, -3, -3, -2, 0) ,Ready
(-1, -3, 0, -1, 0, -1, -3, 1) ,Ready
(-1, -2, 0, -1, -1, -1, -2, 0) ,Ready
(-1, -1, 0, -1, -1, -2, 0, -1) ,Ready
(0, -2, -1, 0, -2, -2, -2, -2) ,Ready
(0, -1, -1, -2, -2, -1, 0, -1) ,Ready
(-1, 0, 0, 0, -2, -3, -2, -1) ,Ready
(-1, -1, 0, -2, 0, -2, -1, 0) ,Ready
(-1, -1, -1, -1, 0, -1, 0, -1) ,Ready
(0, -1, -4, -2, -1, 1, -1, -1) ,Ready
(-1, -1, 0, -1, -2, 1, 0, -1) ,Ready
(0, 0, -1, 0, -1, -2, 0, -2) ,Ready
(-3, -1, -2, -1, -2, 0, 0, -2) ,Ready
(0, -1, -1, 0, -2, -1, -2, -1) ,Ready
(-1, 0, -1, -2, 1, -1, -1, -3) ,Ready
(-1, -2, 0, -3, -1, -2, -1, -2) ,Ready
(-1, -1, -1, 0, -1, 0, -2, -1) ,Ready
(-1, -2, -1, 0, 0, -2, -1, 0) ,Ready
(-1, -1, 0, -3, -1, -2, -1, -1) ,Ready
(-1, -2, -2, -2, -2, 0, -1, 0) ,Ready
(0, -2, -1, -3, -1, -1, -1, -2) ,Ready
(-1, -2, -2, -2, -3, 0, -1, -1) ,Ready
(-2, -1, 0, -1, -1, -3, 0, -2) ,Ready
(-1, -3, -2, 0, 0, 0, -1, 0) ,Ready
(-2, 0, 0, -1, -1, -1, 0, -1) ,Ready
(0, 1, -2, 0, -1, -2, -2, -2) ,Ready
(1, -1, -2, -2, -1, -1, 1, -1) ,Ready
(-2, -1, -1, -1, -1, -2, -1, -2) ,Ready
(0, -1, -2, -1, 0, -1, -1, 1) ,Ready
(-1, -1, -1, -1, 0, 0, -1, -1) ,Ready
(-1, -1, 0, -1, 0, -1, -2, -1) ,Ready
(-3, 0, -1, 0, -2, -1, 0, -2) ,Ready
(1, -1, -2, -2, 0, -2, 0, -2) ,Ready
(-1, -3, 0, -1, -2, 0, 0, -1) ,Ready
(-1, -3, -2, -1, 0, 0, -1, 0) ,Ready
(-1, -3, -1, -1, -1, -2, -2, 0) ,Ready
(-3, 0, -2, -2, -1, -2, -1, -1) ,Ready
(0, -1, -3, -2, -1, -1, -2, 0) ,Ready
(-1, -1, -2, 0, 0, -1, -1, 0) ,Ready
(-2, -1, -2, -1, 0, -2, 0, -1) ,Ready
(-1, -1, -2, -1, 0, -2, -2, -2) ,Ready
(-1, -1, -1, -1, -2, -1, -1, 0) ,Ready
(0, 0, -1, 1, 1, -2, -1, -1) ,Ready
(-1, 0, -1, -2, -2, -2, -2, -2) ,Ready
(0, -1, 0, 1, -2, -1, 0, -1) ,Ready
(-1, -1, -3, -2, -1, 0, -2, -1) ,Ready
(-4, 0, 0, 0, -2, -2, -1, 0) ,Ready
(-2, 0, -1, 0, -2, 0, -2, -2) ,Ready
(-1, 0, 0, -2, -2, -1, -2, -2) ,Ready
(1, -2, -2, -1, -2, -2, -1, -1) ,Ready
(-2, -3, 0, 0, -1, -1, 0, -2) ,Ready
(-1, -3, -2, 0, -1, -3, 0, -1) ,Ready
(-1, -2, -1, -1, -2, -2, -2, 0) ,Ready
(-1, -1, 0, 1, 0, -1, -2, -1) ,Ready
(0, -1, -1, -2, 0, -1, -1, -1) ,Ready
(-2, 1, -1, 1, -1, -1, 0, -1) ,Ready
(-1, -3, -1, -1, -1, 0, -1, 1) ,Ready
(-1, -1, -3, -2, -1, 0, -1, -1) ,Ready
(0, -2, -1, -2, -1, -2, -1, -2) ,Ready
(-1, 1, -2, -1, -2, -1, -2, 1) ,Ready
(-1, 0, -2, -1, -1, 1, -4, -1) ,Ready
(-3, -1, 0, 0, -3, -1, -2, -1) ,Ready
(0, -2, -3, 0, -2, -1, -1, -2) ,Ready
(-1, -2, -1, -1, -1, 1, -2, 0) ,Ready
(-1, -2, -1, -1, 1, -1, 1, -2) ,Ready
(-1, -1, -1, -1, -1, -1, -2, -2) ,Ready
(-1, -3, 0, -2, -2, -2, 0, -1) ,Ready
(-2, -2, -1, -2, 0, -1, -2, -3) ,Ready
(-2, 1, -1, 1, -1, 0, -1, -2) ,Ready
(-2, -1, -1, -1, 0, -3, -1, -1) ,Ready
(-3, -2, -3, -1, -1, 0, -1, -1) ,Ready
(2, -2, 1, -2, 1, -1, -2, -1) ,Ready
(-1, -2, 0, -1, -2, -2, 0, -1) ,Ready
(0, -1, -1, -1, -2, 0, -1, -2) ,Ready
(-1, 0, -1, 0, 0, -1, -2, -2) ,Ready
(-2, 0, -2, -1, -1, -1, 1, -3) ,Ready
(-2, -1, 0, -2, -1, 0, 0, -3) ,Ready
(-2, -2, -1, -1, 0, 0, 0, -1) ,Ready
(0, -1, -2, -2, -1, -1, -2, 0) ,Ready
(-2, 0, -2, 0, 0, 0, -1, -1) ,Ready
(0, -2, -1, -1, -1, -2, -2, 0) ,Ready
(-1, -1, -1, -1, 0, 0, -1, -1) ,Ready
(-1, 1, 1, 0, 1, -1, -2, -2) ,Ready
(-2, -2, -1, -1, -1, -1, -2, -2) ,Ready
(0, -1, -3, -2, -1, 0, -2, -2) ,Ready
(0, 0, 0, -1, -2, -1, -1, -3) ,Ready
(-2, -1, 0, 0, -1, -3, -2, 0) ,Ready
(0, -2, 0, -1, -2, -1, -1, 0) ,Ready
(-1, 0, 0, -2, -1, -2, 1, 0) ,Ready
(-2, -2, -1, 0, -1, -1, -1, -3) ,Ready
(-2, 1, -1, -1, -1, -1, 1, -2) ,Ready
(0, -3, 0, -1, -2, 0, -2, -1) ,Ready
(-2, -1, 0, -1, -1, 0, -2, -1) ,Ready
(0, -1, -2, -1, -2, -1, -1, -1) ,Ready
(-2, 0, 0, -3, -2, -2, -2, 0) ,Ready
(0, 2, -1, -2, -2, -2, -2, -3) ,Ready
(0, 0, -1, 0, 0, 0, -2, -2) ,Ready
(-2, -1, -1, 0, 1, -2, -2, -1) ,Ready
(0, 0, -3, -1, 0, -2, -1, 0) ,Ready
(-1, -1, 0, -2, -1, -1, 1, 1) ,Ready
(0, -2, -1, -1, -1, 0, -1, -1) ,Ready
(-1, -2, -1, -2, -3, 0, -1, 0) ,Ready
(-1, -3, -2, -1, -2, -1, -2, -1) ,Ready
(-1, -2, 1, -2, 0, -1, -2, 1) ,Ready
(-2, 0, -1, 0, -2, -2, 0, 0) ,Ready
(0, -2, -1, 0, 0, -2, 0, -1) ,Ready
(-2, 0, 0, -2, -1, -1, -1, -1) ,Ready
(-1, -3, -1, -2, 0, 1, -1, 0) ,Ready
(0, 0, -3, -1, 0, 1, 0, -1) ,Ready
(-2, -1, -2, -2, -1, 0, 1, -1) ,Ready
(-1, -2, 0, -1, 0, -2, -1, -2) ,Ready
(-1, -1, -1, 0, 0, 0, 0, 1) ,Ready
(-2, -3, -2, 0, -1, -1, -2, -1) ,Ready
(-3, -1, -2, -1, -1, -2, -3, 0) ,Ready
(-1, -1, 0, 0, -1, -2, 0, 0) ,Ready
(-1, -1, -1, -1, -2, -3, 0, -3) ,Ready
(-2, -2, -1, 0, -1, -1, 0, -1) ,Ready
(0, 0, -1, -1, -2, -1, -1, 0) ,Ready
(-1, 0, -2, 0, -1, -1, -2, -1) ,Ready
(-2, 1, -2, -1, -2, -2, 0, -3) ,Ready
(1, 0, -2, -1, -2, -2, 0, -2) ,Ready
(0, -1, -2, -1, -1, 0, -1, 0) ,Ready
(0, -3, 0, -1, -2, -1, 0, 0) ,Ready
(0, -2, 0, -1, 0, -1, -1, -3) ,Ready
(-2, -1, 0, -2, -1, -1, 0, -3) ,Ready
(-1, -2, 0, -2, -1, -1, 0, -1) ,Ready
(-2, -2, -2, -1, -3, -3, -1, -2) ,Ready
(-1, -2, 0, 1, 0, -2, -1, 0) ,Ready
(-2, -1, -1, -1, -1, -2, -1, -1) ,Ready
(-2, 0, -2, 1, 0, -1, 0, -2) ,Ready
(-2, -2, -1, -1, -1, -1, 0, 1) ,Ready
(-1, -1, -2, -1, 0, 0, -3, -1) ,Ready
(-1, 0, 0, -2, -1, -1, -2, 0) ,Ready
(-2, 2, -2, -1, -2, -1, -1, 0) ,Ready
(-1, 0, 0, -1, 0, -1, 0, -2) ,Ready
(0, -1, -2, -2, -1, 1, -1, -1) ,Ready
(-1, 0, 0, -1, -1, -3, 0, 0) ,Ready
(0, -2, -3, -1, -1, -1, -2, -2) ,Ready
(-2, -1, -1, -1, -1, -1, -1, -2) ,Ready
(0, -1, 0, -1, -2, -2, -3, -1) ,Ready
(-2, -2, -1, -1, -2, 1, -1, -2) ,Ready
(-1, -2, -1, 0, 0, -1, 1, -1) ,Ready
(-2, -1, -1, -1, -1, 0, -2, 1) ,Ready
(-2, 0, -1, -2, -1, -1, 1, -1) ,Ready
(-1, 1, -1, 0, -2, -1, -2, -3) ,Ready
(-1, -1, -2, -2, -1, -1, -2, -1) ,Ready
(1, 0, -1, 0, -1, -1, -1, -1) ,Ready
(-2, -3, -4, -1, -1, -3, -1, -1) ,Ready
(-2, -1, 0, -1, 0, -2, 0, -1) ,Ready
(-2, -1, -2, -1, -1, -3, -2, -2) ,Ready
(0, 0, -1, -3, 0, -1, -1, 0) ,Ready
(-1, -1, -1, 0, -1, -1, -2, -1) ,Ready
(1, 0, 0, 0, -2, -2, 0, 0) ,Ready
(-1, -2, 0, -2, -1, -1, -2, -1) ,Ready
(-2, -1, 0, -1, -2, -2, -1, -1) ,Ready
(-3, -1, 0, -1, -2, -1, -2, -2) ,Ready
(-1, -3, -1, 1, -2, -2, -1, 0) ,Ready
(0, -1, -2, 0, -1, -1, -2, -1) ,Ready
(-1, -3, -1, -1, 1, -1, -2, -2) ,Ready
(-1, -1, -2, -1, -3, -2, -1, -1) ,Ready
(-1, -1, -3, -1, -1, 0, -1, -1) ,Ready
(-2, -1, -2, -1, -1, -1, 1, -2) ,Ready
(1, 0, 0, -1, -1, -1, -2, 0) ,Ready
(0, -2, 0, 1, -1, -1, -1, -2) ,Ready
(0, -1, 0, -2, 0, -1, -1, -1) ,Ready
(-1, -1, -1, 1, -1, -1, 0, 0) ,Ready
(-1, 0, -2, 1, -2, -1, -1, -1) ,Ready
(-2, -2, -1, -2, 0, -2, 0, -1) ,Ready
(0, -1, -1, -1, -2, -1, -2, -2) ,Ready
(-1, -2, 2, -1, -1, -2, -2, -3) ,Ready
(-1, -1, 0, -2, 0, -2, 1, -2) ,Ready
(-1, -1, -2, -2, 0, 1, -1, -2) ,Ready
(-2, 1, -1, 0, -1, -2, -2, 0) ,Ready
(-1, 0, -1, -1, -2, -1, -2, 0) ,Ready
(-1, -2, -2, 0, -2, -2, -1, -1) ,Ready
(0, -2, -1, -1, -2, -1, -1, 0) ,Ready
(-1, 0, -2, -2, -1, 0, -1, -1) ,Ready
(-1, 0, -2, -2, -1, -1, -2, -2) ,Ready
(0, -1, 0, -2, 0, -1, 0, -1) ,Ready
(0, 0, -1, -2, 0, 0, -1, 0) ,Ready
(-2, -3, 0, 0, 0, -2, 0, -2) ,Ready
(-1, -3, -2, -2, 0, -1, -1, 1) ,Ready
(-1, -2, -1, -1, -1, -1, -2, -2) ,Ready
(-2, -1, 0, -1, -1, -2, 1, -1) ,Ready
(-1, -2, -2, -2, -1, -1, 0, 1) ,Ready
(-2, -1, -1, -2, -1, -1, 0, 0) ,Ready
(-1, -1, -1, -2, -1, -2, 0, 1) ,Ready
(1, 0, -1, -2, -1, -1, -1, 0) ,Ready
(-2, -1, -2, 0, 0, -3, 0, -1) ,Ready
(-1, -3, -1, -1, -2, -1, 0, 0) ,Ready
(-1, 0, -1, -1, 0, 0, -1, -1) ,Ready
(-1, 0, 0, -1, -1, 1, -1, -2) ,Ready
(0, -1, 1, 1, -1, -1, 0, -1) ,Ready
(-2, 0, -3, -2, 0, -1, -1, -1) ,Ready
(-1, -1, 1, 0, -1, -3, -2, 0) ,Ready
(0, -1, -1, -1, -1, -1, -2, -1) ,Ready
(-1, -2, -1, -2, -1, -1, 0, 0) ,Ready
(-3, -1, 0, -2, 0, -1, 0, 1) ,Ready
(0, -1, -1, -2, -1, 0, 0, -1) ,Ready
(0, 0, -1, -2, 0, -1, -1, 0) ,Ready
(0, -1, -2, 0, 0, -1, -2, -2) ,Ready
(-1, -1, -2, -1, -2, 0, -1, -1) ,Ready
(-1, -1, -1, -1, -1, 1, -1, -1) ,Ready
(0, 0, -2, -1, -1, 0, -2, -1) ,Ready
(-2, 0, 0, -1, -1, -2, -2, 0) ,Ready
(-2, -2, -1, 1, -1, -1, -1, 0) ,Ready
(-1, -2, -2, -3, -3, -1, -1, 1) ,Ready
(-1, 0, -3, -1, -3, -1, -1, -1) ,Ready
(-1, -1, 1, -2, -1, 0, -1, -1) ,Ready
(-1, -2, -2, -1, -1, -2, 0, -1) ,Ready
(0, -2, -2, 0, -1, -1, -1, -1) ,Ready
(-2, -1, 0, 0, -1, -2, 0, -1) ,Ready
(-1, 0, -2, -2, -3, 2, -2, -1) ,Ready
(-1, -2, 0, 1, -1, 0, -1, -2) ,Ready
(-2, -1, 0, -2, -2, -1, -2, -1) ,Ready
(-1, -2, -2, 0, -1, 0, -1, 0) ,Ready
(-2, -2, -2, -2, -1, -2, 0, -2) ,Ready
(-1, -1, -2, -3, -1, 1, -2, 0) ,Ready
(-1, 0, -2, -1, -1, -1, -2, -1) ,Ready
(-2, -2, -2, 0, 0, -1, 0, -2) ,Ready
(-1, -3, 0, -1, -1, -2, -2, 0) ,Ready
(-1, 0, -1, -1, 0, 0, -3, -2) ,Ready
(-2, -1, -2, 0, -1, -2, 0, -1) ,Ready
(-2, 1, -2, -1, -1, 0, 0, -1) ,Ready
(0, -2, -1, -1, -1, -1, -2, -1) ,Ready
(-1, -2, 0, -1, -1, -1, -1, -1) ,Ready
(-2, -1, -1, -1, -2, -1, 0, -3) ,Ready
(-2, 2, -2, -1, 0, -1, 0, -2) ,Ready
(0, 0, -2, 0, 1, -2, -2, -2) ,Ready
(0, -1, 0, -3, -1, -1, 0, -1) ,Ready
(-1, -1, 0, -1, 1, 0, -1, -2) ,Ready
(-2, 0, 0, 0, -1, -2, -1, -1) ,Ready
(-1, 0, 0, 1, -1, -1, -1, 0) ,Ready
(-1, -1, -2, -2, -1, -2, -3, -2) ,Ready
(-1, -1, -1, -2, -3, -1, -1, -1) ,Ready
(0, -1, 0, -2, -2, 0, -1, 0) ,Ready
(-1, 0, -1, 0, -3, 0, -1, -2) ,Ready
(-1, 0, -1, -1, 0, -2, -2, -2) ,Ready
(-1, -1, 0, -1, -1, -1, -1, 0) ,Ready
(-2, -1, 0, -2, -2, 1, 1, 0) ,Ready
(0, -3, 0, -1, 0, -1, -1, 0) ,Ready
(-2, -2, -2, 0, -2, -2, -1, -1) ,Ready
(-1, -1, -1, 0, -3, -2, -1, -2) ,Ready
(0, 1, -1, -1, 0, -2, -1, 0) ,Ready
(0, -1, -3, -1, 0, -1, 1, -1) ,Ready
(1, -1, 0, -1, -1, -2, -1, -1) ,Ready
(0, -1, -1, -1, 0, -2, 0, -1) ,Ready
(-1, -2, 1, 0, 1, -2, 0, 0) ,Ready
(-1, 0, -2, 1, 0, -1, -2, 1) ,Ready
(-1, -2, 0, -2, -1, -2, -1, 0) ,Ready
(1, 0, -1, -1, -1, -2, -3, 0) ,Ready
(-1, -2, -1, -3, -2, -2, -3, -1) ,Ready
(-1, 0, -2, -1, -2, -1, -2, -2) ,Ready
(-2, 0, -1, -2, 0, -1, -1, -1) ,Ready
(-2, -1, -3, -2, -1, -3, -1, 0) ,Ready
(-1, -2, -1, -1, -2, 0, -2, -1) ,Ready
(0, -1, -1, -2, -1, 0, 1, -3) ,Ready
(-1, -1, 0, -2, 0, -2, 0, -2) ,Ready
(-1, 1, 0, -3, -1, 1, 0, -2) ,Ready
(-1, -1, 0, 0, -1, 0, -1, -1) ,Ready
(-2, -1, -2, -2, -1, 0, -1, 0) ,Ready
(0, -2, -2, 0, 1, -1, -2, 0) ,Ready
(-3, 0, 0, -1, -2, -1, 0, 0) ,Ready
(-1, -1, -2, -1, -1, -1, -1, 0) ,Ready
(-1, -1, 0, 0, 0, 0, -2, -1) ,Ready
(0, -2, -3, -1, -1, -2, -1, -2) ,Ready
(-1, -1, -1, -1, -1, 1, -1, -2) ,Ready
(-1, -1, -3, 0, -1, 0, -1, -2) ,Ready
(-1, -1, 0, 0, 0, -2, -1, -1) ,Ready
(-1, 1, -1, 1, -1, -2, -1, 0) ,Ready
(0, -3, -1, -2, -1, 0, -2, -1) ,Ready
(-3, -1, -1, 0, 0, -3, 1, -2) ,Ready
(-2, -1, -1, -1, -2, 0, -1, -2) ,Ready
(-1, -1, -1, 1, -1, -1, -2, -1) ,Ready
(-1, -1, 0, -2, -2, -2, 0, 0) ,Ready
(-1, -1, 1, -2, 0, -1, -4, -1) ,Ready
(-1, 0, -1, 0, -2, -1, -1, -1) ,Ready
(0, 0, -1, -1, -2, -1, 0, -2) ,Ready
(-1, -1, -1, -1, -2, -2, -1, -3) ,Ready
(-1, 0, -1, -1, -2, -2, 0, 1) ,Ready
(-1, 0, -2, -1, -1, 0, 0, 0) ,Ready
(-2, -1, -1, 0, 0, 0, -2, -1) ,Ready
(-1, -2, -1, 0, -1, 0, -2, 0) ,Ready
(-1, 0, -1, 0, 0, -2, -2, -1) ,Ready
(0, -1, -2, -3, -1, 0, 0, -1) ,Ready
(-1, 0, -2, -2, 0, -1, 0, -2) ,Ready
(0, -1, -1, -1, -1, -3, -1, 0) ,Ready
(-1, -2, -1, -2, -2, -1, 0, -2) ,Ready
(0, 0, -1, 0, -1, -2, -1, 0) ,Ready
(0, 0, -2, -1, -2, -1, -2, -1) ,Ready
(-1, -1, -1, -1, 0, -1, -2, 0) ,Ready
(0, 0, 0, -2, 0, 0, -1, -2) ,Ready
(-1, -2, -1, -1, -1, -1, -1, -1) ,Ready
(-3, -2, -1, -1, -3, -1, -1, 0) ,Ready
(-1, -1, 1, -2, -1, -1, -3, -2) ,Ready
(0, -1, -1, -2, -2, -2, -2, -1) ,Ready
(0, -2, -2, -1, 0, 0, -1, 0) ,Ready
(-2, -2, -3, -1, -2, 0, 0, -2) ,Ready
(-1, -1, -2, -1, -2, -2, 1, -1) ,Ready
(-2, -1, -2, -1, 1, 1, -1, 0) ,Ready
(-1, 0, 0, -1, 0, -2, -2, 0) ,Ready
(-2, -1, -1, 0, -2, -1, -1, 0) ,Ready
(-3, -1, 0, -1, -2, -2, 0, -1) ,Ready
(-1, -2, -2, -1, -2, -1, -1, 1) ,Ready
(-1, 0, -2, -1, -1, 1, -1, -1) ,Ready
(0, -1, -1, -2, -3, -1, -1, -2) ,Ready
(-2, -2, -1, -1, -1, 0, -1, -1) ,Ready
(0, -1, 0, -3, -2, -1, 0, -2) ,Ready
(0, -2, 0, -1, -1, -1, -2, -2) ,Ready
(-2, -2, 0, -2, 0, 0, -1, -3) ,Ready
(1, -1, -2, -1, -2, -1, -1, 0) ,Ready
(-2, 0, -1, -1, -1, -2, -2, -1) ,Ready
(1, -2, -1, -1, 0, -1, 0, -2) ,Ready
(-1, -1, 0, -1, -1, -2, -2, -2) ,Ready
(-1, -2, 0, 1, -1, -1, -1, -1) ,Ready
(-1, -3, -3, -1, 0, -1, 1, -2) ,Ready
(1, -1, -2, -1, -2, 1, -2, 1) ,Ready
(0, 0, -2, 0, -1, 0, -1, -1) ,Ready
(-1, -1, -1, 0, 1, 0, -2, 0) ,Ready
(0, -1, -2, -2, -2, 0, 0, -1) ,Ready
(-3, -1, 0, 0, -1, -1, -1, 0) ,Ready
(-2, -3, -2, -2, -2, -3, 0, 0) ,Ready
(1, -1, -1, -2, 0, 0, -2, 0) ,Ready
(-1, 0, 1, -2, -2, -2, -3, 0) ,Ready
(-2, -1, -2, -2, -3, 0, 0, -1) ,Ready
(0, 1, -2, -1, -1, -1, 0, -1) ,Ready
(-1, 1, -1, -1, -1, -3, -1, -2) ,Ready
(-1, -2, 0, 0, 0, -2, 0, 0) ,Ready
(-1, -1, -1, -1, -1, -2, 0, -1) ,Ready
(-1, -2, -2, -2, 0, -2, -2, 0) ,Ready
(-1, -2, -1, -2, -1, 0, -1, -1) ,Ready
(1, -1, -2, 0, 0, -2, -1, 0) ,Ready
(-1, -2, -1, -1, -2, 0, 0, -1) ,Ready
(-1, -1, -2, 0, -2, 0, 0, -1) ,Ready
(-1, 0, -2, -1, -1, 0, -2, -1) ,Ready
(-2, -1, 0, -1, -1, -2, -1, -2) ,Ready
(-1, -3, -1, 0, -2, -1, -2, 0) ,Ready
(-1, -3, -2, 0, 0, 0, -2, -1) ,Ready
(-1, -1, -2, -1, 0, -3, -1, -2) ,Ready
(-1, -1, 1, -1, -1, -1, -1, -1) ,Ready
(-1, 0, 0, -2, 0, -1, -1, -2) ,Ready
(-1, -1, -1, -2, -1, 0, 0, 0) ,Ready
(-2, 0, 0, -1, -1, -1, -1, -3) ,Ready
(-1, 0, -1, -1, -2, -2, -2, -2) ,Ready
(0, -1, 0, 0, 0, -1, -2, -1) ,Ready
(-1, -2, 0, -1, -1, 0, -2, -2) ,Ready
(0, 0, -1, -2, -2, -3, 1, -1) ,Ready
(-2, 0, -2, -1, -2, -1, -2, 0) ,Ready
(-1, -1, -2, -1, -1, -2, 0, -1) ,Ready
(0, 0, -3, -2, -1, -1, 1, -1) ,Ready
(-2, 0, -3, -1, -1, -1, -3, 0) ,Ready
(0, 0, -1, 1, 0, -1, -2, -1) ,Ready
(-2, -3, -1, 1, -1, 0, 0, -1) ,Ready
(-1, -2, -2, -2, -2, -2, 1, 0) ,Ready
(-1, 0, 0, -2, -2, 0, -1, 0) ,Ready
(-1, 0, -2, 0, -3, -1, -3, 0) ,Ready
(1, 0, -1, 0, 0, -1, -2, -2) ,Ready
(0, -1, 0, 0, 1, -1, -3, -1) ,Ready
(-2, -3, -2, -2, -1, -2, 0, -1) ,Ready
(-2, -1, 0, -2, -1, -1, 0, -1) ,Ready
(-1, -2, -1, -3, 0, 0, -1, -1) ,Ready
(-2, -1, -2, 0, -2, -2, -1, -3) ,Ready
(-2, -1, -1, 0, -1, -1, -2, -1) ,Ready
(-1, -2, -3, -2, 0, -1, -1, -2) ,Ready
(0, 0, -2, 0, -2, 0, -1, -1) ,Ready
(0, -2, -1, -1, 0, -2, -1, -1) ,Ready
(-1, -1, -1, -1, -1, 0, -1, -2) ,Ready
(0, -2, -2, -1, 0, -3, 0, -1) ,Ready
(-2, 0, -2, -2, -2, -1, -2, -1) ,Ready
(-1, -2, -1, -1, -1, -1, -1, 0) ,Ready
(1, 0, -1, 1, -1, 0, 0, -1) ,Ready
(-1, -2, -1, -2, -1, -1, -1, 1) ,Ready
(0, -1, 0, -2, -1, -2, 1, -3) ,Ready
(0, -1, -1, -1, -1, -2, 0, -1) ,Ready
(-2, 0, -1, -1, -1, -1, -1, 0) ,Ready
(-1, -1, -1, 0, 0, -1, -2, -1) ,Ready
(-1, -1, -1, -1, -1, -1, -1, 0) ,Ready
(-2, -2, -1, -1, -2, -2, -1, -2) ,Ready
(0, -1, -1, 0, -1, 0, -1, -1) ,Ready
(0, -1, 1, -1, -2, -2, 0, -2) ,Ready
(1, -1, -3, -1, -2, 0, -1, 0) ,Ready
(-1, 0, -1, -2, -1, 0, -1, -2) ,Ready
(0, 0, -2, -1, -2, -1, 0, -1) ,Ready
(-1, -1, -1, -1, -2, -1, -1, -2) ,Ready
(1, 0, 1, -1, 0, 0, -2, -2) ,Ready
(-1, -1, 2, -1, -1, 0, -1, -1) ,Ready
(0, 0, -2, -3, 1, -2, 0, -2) ,Ready
(-1, 0, -1, -2, -3, -1, -1, -2) ,Ready
(-2, -3, -2, -2, -2, -2, 0, -1) ,Ready
(0, -1, 0, 0, -3, -2, -1, -2) ,Ready
(-2, -1, -1, 0, 0, -2, -1, -1) ,Ready
(-1, -1, -2, -2, 0, -1, -2, 0) ,Ready
(-1, -1, -1, -1, -1, 0, -1, -3) ,Ready
(-3, 0, 0, -2, -1, -1, -1, -1) ,Ready
(0, -3, -2, 0, -3, -1, -2, -1) ,Ready
(0, 0, -2, -1, -1, 0, -2, -1) ,Ready
(-1, 0, 0, 0, -2, -2, -1, -2) ,Ready
(-2, -1, -2, 1, -1, -1, -1, -2) ,Ready
(-2, -2, -2, 0, -2, -1, 0, -2) ,Ready
(-1, 1, -4, -2, -1, -2, 0, -2) ,Ready
(-1, -2, 0, -2, 1, 0, -1, -1) ,Ready
(0, 0, -1, 0, -2, -2, -3, -1) ,Ready
(-3, -2, 0, -1, 0, 0, -3, -1) ,Ready
(0, -2, -3, -3, -2, -2, -2, -2) ,Ready
(-2, -1, -1, -2, 0, -2, -1, 0) ,Ready
(-2, -1, 0, 0, -1, -2, 0, -1) ,Ready
(-1, -1, -1, -1, -2, -2, -1, -1) ,Ready
(-2, -2, -1, -1, -2, -1, 1, 0) ,Ready
(0, -1, -2, -1, -3, -1, -1, -2) ,Ready
(-2, -1, -1, 0, 0, -1, -4, -2) ,Ready
(-3, -1, -1, -1, -1, -1, 0, -1) ,Ready
(-1, -1, -1, 1, 0, -2, -1, 0) ,Ready
(-1, -2, -1, 1, -2, -2, -2, 0) ,Ready
(-1, -2, -1, -1, 0, 0, 1, -1) ,Ready
(0, -1, -1, -1, -1, -1, -2, -2) ,Ready
(-1, -1, -2, -2, 0, -2, -2, -2) ,Ready
(-1, -1, -2, -2, 0, 0, 0, -1) ,Ready
(-2, 0, -1, 1, -1, -2, -1, -1) ,Ready
(0, -2, -1, -1, -1, -1, -1, -2) ,Ready
(-1, 1, 0, -2, -1, 0, -2, -2) ,Ready
(-1, -1, -2, -1, -3, -1, 0, -1) ,Ready
(-1, 0, 0, 0, -2, -2, -1, 1) ,Ready
(-2, -2, -2, -3, -1, -1, -1, -1) ,Ready
(-1, -2, -1, 1, -1, -1, -2, 0) ,Ready
(0, -1, -2, -1, 0, -3, -3, -1) ,Ready
(-2, 0, -1, 0, -1, -1, -2, -1) ,Ready
(-1, 0, -2, -3, -1, -2, -1, -1) ,Ready
(-1, 0, -1, -1, -3, -1, -1, -2) ,Ready
(0, -2, -1, -2, -1, 1, -2, -1) ,Ready
(0, -2, -1, -3, -2, -1, -1, -1) ,Ready
(-1, -2, -1, 0, -2, 0, -1, -1) ,Ready
(-1, 0, -1, -1, -3, -1, 0, 0) ,Ready
(-1, 0, -1, -1, -2, -1, 1, -2) ,Ready
(-1, -1, -1, -1, 2, 0, -1, -1) ,Ready
(-1, 0, 0, -1, 1, 0, -2, -1) ,Ready
(-1, 0, -1, 1, -2, 0, 0, 0) ,Ready
(-1, -1, 0, 0, 0, 1, -1, 0) ,Ready
(-1, -1, -1, -1, -1, -2, -1, -1) ,Ready
(-1, 0, -2, 1, 0, -1, 0, 0) ,Ready
(-3, -1, -1, -2, 0, -2, 0, -3) ,Ready
(0, -1, 0, 0, 0, -3, 1, -1) ,Ready
(-2, 0, -1, -1, -1, -1, -2, 0) ,Ready
(-2, -1, -1, -2, 0, -1, -1, -1) ,Ready
(0, -1, -2, -2, -1, 0, -1, -1) ,Ready
(-1, -2, -2, -1, -2, -1, -3, -1) ,Ready
(-1, -2, -2, -1, 0, -1, -1, -1) ,Ready
(-1, -1, -2, -1, -2, -2, 0, -2) ,Ready
(1, -1, 0, -2, 0, -2, -1, 0) ,Ready
(-1, -1, -2, -2, -3, -2, -1, -2) ,Ready
(1, -2, -3, 0, 0, -2, -1, 1) ,Ready
(-1, -1, -1, -2, -1, 0, -1, -1) ,Ready
(-1, -1, 0, -2, -1, -2, 0, -1) ,Ready
(-1, 0, 0, -1, 0, -3, 0, -2) ,Ready
(-2, 0, 0, -1, 0, -1, 1, -2) ,Ready
(-1, -1, -1, 1, 0, 0, 0, 0) ,Ready
(-1, -1, -1, -1, -1, 0, 0, 0) ,Ready
(0, 0, 0, 0, -1, 0, -2, 0) ,Ready
(0, -2, -2, -1, -1, -1, 0, 0) ,Ready
(0, -1, -3, 0, -2, -1, -2, -1) ,Ready
(-1, -1, -2, 1, 0, 0, -1, -2) ,Ready
(-2, -1, -1, -1, 0, 0, 0, 0) ,Ready
(-1, -2, -1, -2, -1, -1, -1, -2) ,Ready
(-1, -4, -1, -2, -2, -2, 0, -2) ,Ready
(-2, -2, -1, -1, -1, -1, -1, 0) ,Ready
(-1, -2, -1, -2, 0, -1, -2, 0) ,Ready
(-1, -1, 0, 1, -1, -1, -2, -2) ,Ready
(-1, -1, -1, -3, -1, -1, -3, -1) ,Ready
(-1, -1, 0, 0, -1, -1, -2, -2) ,Ready
(-2, -1, 0, -1, -1, -2, -1, -2) ,Ready
(-1, -1, 0, -2, 0, -1, -1, -1) ,Ready
(0, -2, -3, -2, -1, -1, -1, -1) ,Ready
(0, -2, -1, -3, -1, -2, -2, 0) ,Ready
(0, -1, -1, -1, 0, -1, 0, -1) ,Ready
(-1, 0, 0, 1, 0, -3, -1, -3) ,Ready
(0, -1, 1, -2, -3, -1, 0, -2) ,Ready
(-3, 1, -1, -1, -3, 0, -2, -2) ,Ready
(-1, -1, -2, -1, -2, 0, -1, -1) ,Ready
(-1, -2, 0, -1, -2, 0, 0, -2) ,Ready
(-2, -2, 0, -2, 0, 0, -2, 0) ,Ready
(-2, -1, -1, -1, -2, 0, -1, -1) ,Ready
(-1, 0, -2, -1, -1, 0, -1, -1) ,Ready
(-1, -1, -1, 0, 0, -2, 0, -1) ,Ready
(-2, 1, -1, 1, -2, 0, -2, -2) ,Ready
(0, -3, -1, -1, -2, -2, -1, -1) ,Ready
(-2, -1, -1, 0, -1, -1, -2, 0) ,Ready
(-1, -1, -2, -1, -1, -1, -1, 1) ,Ready
(-2, 0, -1, -1, -1, -2, -1, -2) ,Ready
(-2, -2, -1, -1, -1, -2, -2, -1) ,Ready
(-2, -1, -1, -1, -1, 0, -1, -2) ,Ready
(-2, -1, 0, -1, -2, -1, -2, -2) ,Ready
(0, -1, 0, -2, -1, -2, -2, 1) ,Ready
(0, 0, -2, -1, 0, 1, 0, -1) ,Ready
(-2, -2, -1, -1, -1, -1, -2, -3) ,Ready
(-1, -1, -2, -1, -1, -1, -2, 2) ,Ready
(0, -2, -1, -1, -1, -1, 1, 0) ,Ready
(1, -1, -2, -1, -2, 0, -2, 0) ,Ready
(-1, -1, -2, -1, -1, -2, -2, -2) ,Ready
(-2, 1, -2, 0, -1, -1, -2, -3) ,Ready
(-2, -1, 1, 0, -2, -1, 0, -3) ,Ready
(-1, -2, 0, -1, -1, -1, 0, -1) ,Ready
(-1, 0, -2, -2, -1, -1, -1, -1) ,Ready
(-3, -2, -1, -3, -2, -2, 0, 1) ,Ready
(-3, -3, 0, -1, 0, -1, -2, -2) ,Ready
(-3, -1, -2, 0, -2, -1, 0, -1) ,Ready
(-1, -2, -3, -1, -3, -1, -1, -2) ,Ready
(-1, -1, 0, -1, 0, -1, 0, -2) ,Ready
(-1, -1, 0, -1, -2, -1, 1, -1) ,Ready
(-1, -1, -1, 0, 0, 0, -1, -1) ,Ready
(-1, -1, -1, 0, 0, -1, -1, -1) ,Ready
(-1, 0, -1, -1, -2, -2, -1, 0) ,Ready
(0, -2, -2, -2, -1, -2, -3, -1) ,Ready
(-1, -1, 0, -1, -2, -2, -2, -2) ,Ready
(-1, 0, -1, -1, -2, -1, -2, -1) ,Ready
(1, -2, 0, 0, 0, -1, -1, -1) ,Ready
(-1, 1, -2, 0, 0, 0, 0, -1) ,Ready
(-1, 1, -1, -1, 0, -2, -3, -3) ,Ready
(-1, -2, -2, 0, 0, -1, -2, -2) ,Ready
(-1, -1, 0, -2, -1, -1, -1, 1) ,Ready
(0, -2, -2, -1, -2, 0, -3, -1) ,Ready
(0, -2, -3, -3, 0, -2, 0, 0) ,Ready
(-1, -1, 0, -1, -1, -1, 0, -1) ,Ready
(0, -2, -2, -1, 0, -1, -2, -4) ,Ready
(-1, 1, -1, -1, -1, -2, -1, -1) ,Ready
(-1, -1, 0, -3, -2, -1, -2, -2) ,Ready
(-2, -2, -3, -1, -1, 0, 0, -2) ,Ready
(-1, -1, -2, 0, -1, -1, 0, 0) ,Ready
(-1, -1, -1, -1, 0, -3, -1, -2) ,Ready
(-2, -1, -1, 1, -2, 0, -2, -2) ,Ready
(-1, 0, -2, -2, -2, -2, 1, 0) ,Ready
(-1, -2, -1, -2, -1, 1, -1, -1) ,Ready
(-2, -2, -1, -3, -1, 0, 0, -2) ,Ready
(-1, 1, -2, -2, 0, 0, 0, 1) ,Ready
(0, -1, -1, -3, -1, -1, 0, -2) ,Ready
(0, 1, 0, 0, -1, -2, -2, -1) ,Ready
(-1, -2, -1, -1, 0, 0, -1, 0) ,Ready
(1, -3, -2, -1, -1, -2, -1, -2) ,Ready
(-2, 0, -2, -2, 0, 0, -2, -2) ,Ready
(-2, -2, 0, -1, -2, -2, -2, -2) ,Ready
(0, 0, 0, 0, 0, -1, -1, 0) ,Ready
(-3, -1, -1, -1, -2, -2, -1, 0) ,Ready
(0, 0, -2, 0, 0, 0, -1, 0) ,Ready
(-2, -1, -2, -3, -2, -1, -2, 0) ,Ready
(-2, 1, -1, 0, -2, -1, -1, -2) ,Ready
(1, 0, 0, -2, 0, -2, -2, 0) ,Ready
(-2, -2, 0, -1, -2, -1, -2, -1) ,Ready
(-1, 0, -1, -1, -1, -1, 0, -2) ,Ready
(-2, 0, -1, -2, -1, 0, -1, -1) ,Ready
(0, -1, -2, 0, -2, -1, 1, -1) ,Ready
(-1, -1, -2, -1, -1, 0, -1, -2) ,Ready
(-1, -1, 1, 0, -1, -1, -1, 0) ,Ready
(-2, -1, -2, -1, 0, -1, -2, -1) ,Ready
(-3, 0, 0, 0, 1, -1, -1, -1) ,Ready
(0, 0, -2, 1, -2, -2, -1, -1) ,Ready
(-1, -2, -2, -2, -1, -1, 0, -1) ,Ready
(1, -1, -2, -2, -1, 0, -2, -2) ,Ready
(0, -2, -1, 0, -2, -2, -2, 0) ,Ready
(0, 0, -1, -2, -1, -2, 0, 0) ,Ready
(-2, -1, -1, -1, -1, -1, -2, -1) ,Ready
(0, -3, -2, -1, -2, -3, -2, -1) ,Ready
(-1, 0, -3, -1, 0, -1, 0, -1) ,Ready
(-1, -1, -1, -2, -2, -2, 0, 0) ,Ready
(0, -1, -2, -1, -1, -1, -1, -2) ,Ready
(-1, 0, 0, -1, -1, 0, -1, -1) ,Ready
(-1, -1, -1, -2, -1, -1, 0, -2) ,Ready
(-2, -1, -1, 0, -2, -2, -1, -2) ,Ready
(0, -1, -2, -2, -1, -2, -1, 0) ,Ready
(-2, -2, -1, -2, -3, -1, -3, -1) ,Ready
(-1, 0, -1, -1, 0, -1, 0, -1) ,Ready
(-2, -1, -1, -1, -2, 0, -2, -2) ,Ready
(-2, -2, -1, -1, 0, -1, -1, -1) ,Ready
(-1, -1, -1, 0, 1, 0, -3, -1) ,Ready
(-1, -2, -2, -1, -1, 0, -1, -2) ,Ready
(-1, -3, -1, 0, 0, -2, -1, -1) ,Ready
(-2, 0, -1, 0, -3, 0, -1, -1) ,Ready
(0, -1, 0, -1, 0, -1, 0, 1) ,Ready
(-1, 1, 1, -2, -1, -1, -1, -2) ,Ready
(-1, -1, 0, -2, 0, -1, -1, -3) ,Ready
(0, -1, -2, 0, -2, -2, -2, -1) ,Ready
(0, 0, -1, 0, 0, -1, 0, -1) ,Ready
(-2, -1, 0, 0, -1, -2, -2, -2) ,Ready
(0, -2, -2, -1, -2, 0, -1, -1) ,Ready
(0, -1, -1, -2, -1, -2, 0, -1) ,Ready
(0, -1, -2, -2, -2, 0, 0, 0) ,Ready
(-1, -1, -2, -1, -1, -1, -2, 0) ,Ready
(-1, -2, -2, 0, -1, -1, -2, 0) ,Ready
(-1, 0, -2, 0, 0, 0, -1, 0) ,Ready
(0, 0, -1, -1, 0, -1, 1, -2) ,Ready
(-1, -2, -1, 0, -2, -2, 0, 0) ,Ready
(-1, 1, -1, -2, 0, 0, -1, -1) ,Ready
(-3, 0, 0, -1, -1, 0, -2, 0) ,Ready
(-2, 0, -2, -1, -1, -2, 0, -1) ,Ready
(-1, -1, 0, 0, 0, -2, 0, 0) ,Ready
(0, 0, -3, -1, 0, 0, -2, 0) ,Ready
(-1, -2, 1, 0, -1, -2, 0, -3) ,Ready
(-3, 0, -2, -4, -2, -1, -2, 0) ,Ready
(-1, -1, 1, -1, -2, 1, 0, -1) ,Ready
(-2, -1, -3, -1, -1, -3, -1, 0) ,Ready
(-1, 0, -1, -2, -1, -2, 0, 0) ,Ready
(-1, 0, -1, -1, -1, -2, -1, -2) ,Ready
(-1, -2, -2, -1, -1, 0, -1, 0) ,Ready
(-1, -1, -1, -2, -1, -1, -1, -1) ,Ready
(-1, -1, -3, 0, 0, -2, -2, -1) ,Ready
(-2, -3, -2, -1, -1, -1, -2, -1) ,Ready
(-1, 1, -1, -3, 0, -1, -2, -1) ,Ready
(0, -2, -1, 1, 0, 0, -1, -1) ,Ready
(-1, -1, 0, -1, -1, -2, -2, -1) ,Ready
(0, 1, -1, -2, -1, -2, 0, 0) ,Ready
(0, -2, 0, -1, -1, -2, 0, -1) ,Ready
(0, -1, -1, -1, -2, 1, -1, -1) ,Ready
(-2, -2, -1, -1, 0, -1, -2, -2) ,Ready
(0, -1, -1, 0, -3, -2, -1, 0) ,Ready
(-1, -2, -2, 0, -2, -2, -1, -2) ,Ready
(-1, 0, -2, -2, -1, -1, -2, -2) ,Ready
(-1, -1, -1, -2, -1, -2, -1, 0) ,Ready
(-1, -2, 0, 0, -3, -1, -1, -2) ,Ready
(0, -3, 0, -1, -1, -1, -2, 0) ,Ready
(0, -1, -2, -1, -2, -2, -1, -2) ,Ready
(-1, -1, 0, 0, 0, -2, -2, -1) ,Ready
(0, -2, 1, -1, 0, -2, -1, -1) ,Ready
(-1, -2, -2, 0, -1, -1, -2, -1) ,Ready
(0, -2, 0, -2, -1, -1, -1, -1) ,Ready
(1, 0, 0, -1, -1, -2, 0, -1) ,Ready
(1, -1, -2, -1, -1, 0, 0, -3) ,Ready
(0, -2, -1, 0, -2, -1, 0, 0) ,Ready
(-1, -2, -2, 1, -1, -2, -2, -1) ,Ready
(-2, -1, -1, 0, 0, -1, 0, 0) ,Ready
(-3, -1, -1, -1, 0, -2, -1, -1) ,Ready
(-2, -1, -1, 0, -1, 0, -1, -1) ,Ready
(-1, 1, 0, -2, -2, -2, -1, 0) ,Ready
(-1, -1, 2, -2, -2, -1, -2, 0) ,Ready
(-1, -2, -2, -1, 1, -1, -1, 0) ,Ready
(0, 1, -2, -2, -1, -1, -1, -2) ,Ready
(-1, 0, 0, 1, -1, -1, 0, -2) ,Ready
(-1, -1, -1, 0, 0, -2, -1, -2) ,Ready
(-2, -2, 0, -3, 0, 0, 0, -2) ,Ready
(-1, 0, -2, -2, -1, -1, -1, -2) ,Ready
(-1, -1, -2, -2, -2, -1, 0, -1) ,Ready
(-1, -1, -2, -1, -1, -1, 0, 0) ,Ready
(-1, -1, -1, -2, 0, -1, 1, 0) ,Ready
(-1, 0, -2, -2, -1, 0, -1, -2) ,Ready
(-1, -1, -2, -2, -2, 0, 0, -1) ,Ready
(-1, -2, 0, -1, -2, -1, -2, -2) ,Ready
(0, -2, -1, 1, -2, -1, -1, -1) ,Ready
(-1, -1, 1, -2, -2, -1, -2, -2) ,Ready
(-1, 0, -2, 0, 0, -1, -2, -2) ,Ready
(-2, -1, -1, -1, 1, -1, 1, -2) ,Ready
(-2, -1, -2, -2, -1, 0, -1, -2) ,Ready
(-1, -1, -2, 1, -3, -2, -1, 0) ,Ready
(-1, -2, -1, 0, -2, -1, -2, -3) ,Ready
(0, 0, -1, 0, -2, -1, -1, -1) ,Ready
(0, -1, -2, -1, -1, -1, 0, 0) ,Ready
(-1, -1, 0, -2, 0, 0, -2, -2) ,Ready
(0, -1, -1, -2, 0, 0, 0, -1) ,Ready
(-1, -1, -1, -1, -1, -1, -1, -1) ,Ready
(1, -1, -2, -2, -1, -1, 0, 0) ,Ready
(0, -1, -1, 0, -2, -1, -3, -1) ,Ready
(-1, -1, -1, -1, -3, -1, -3, 0) ,Ready
(-1, -1, -1, 0, 1, -1, 0, -1) ,Ready
(-1, -2, -1, 0, 1, -2, 0, 0) ,Ready
(-3, -1, -2, -2, -1, -2, 1, -2) ,Ready
(-3, 1, -2, -3, -1, 0, -3, -1) ,Ready
(-1, -2, -1, -3, -1, 0, -1, -1) ,Ready
(-2, -1, -1, -2, -2, -2, -1, -2) ,Ready
(-1, -1, -1, -2, -3, 0, -2, -1) ,Ready
(0, -2, -3, 0, 0, 0, -2, -1) ,Ready
(-1, 0, -2, -2, -1, 0, 0, 0) ,Ready
(-2, -2, 0, 0, -2, -1, -2, 0) ,Ready
(-2, -2, -1, -1, -1, -1, -1, -1) ,Ready
(0, 0, -1, 1, -2, 0, -1, 2) ,Ready
(0, 0, -1, -1, 0, 0, -2, -1) ,Ready
(0, -2, -2, -1, -1, -2, -2, -2) ,Ready
(-2, -2, -1, -1, -1, -2, 0, -1) ,Ready
(-1, 0, -1, -2, -2, -3, -1, -1) ,Ready
(-1, -2, 0, -1, 0, -2, -2, -2) ,Ready
(0, 1, -1, -1, -1, -2, -1, -1) ,Ready
(1, -1, -2, -2, 0, -1, -2, -1) ,Ready
(-1, -1, -1, -2, -2, -1, -1, -1) ,Ready
(0, -1, 0, -2, -2, -1, 0, -1) ,Ready
(-1, -3, -3, 1, 1, -1, -2, -1) ,Ready
(0, -2, -2, -1, -1, -2, -1, 0) ,Ready
(-1, 0, 0, -1, -1, 1, -1, -1) ,Ready
(-2, -2, -1, 0, -3, -2, -2, 0) ,Ready
(-1, -2, -2, -2, -3, -1, -1, -2) ,Ready
(-2, 0, -1, -1, -1, -1, -1, -2) ,Ready
(-1, -2, 0, 0, 1, -1, 0, -2) ,Ready
(-1, -1, -2, 0, 0, 0, -1, 0) ,Ready
(-3, -1, -1, -2, -1, -1, -1, -1) ,Ready
(-2, -2, -1, -1, -1, 1, -1, -1) ,Ready
(-3, -2, -1, -1, -2, -3, -2, -1) ,Ready
(-2, -2, -2, 1, -2, -1, -1, -1) ,Ready
(-1, -1, -2, -1, 0, 0, -1, -1) ,Ready
(0, -2, 1, 0, 0, -2, -1, -1) ,Ready
(-1, -1, -1, 0, 0, -1, 1, -2) ,Ready
(0, -2, -2, -2, -3, -2, 0, -1) ,Ready
(0, -1, -3, -1, -2, -1, 0, -1) ,Ready
(-1, -1, 0, 0, -1, 0, 0, -1) ,Ready
(-1, -1, -1, -3, 0, -1, 0, -2) ,Ready
(-1, 0, 0, 0, -1, 0, -1, -1) ,Ready
(0, -2, -1, 1, -2, -2, 0, -2) ,Ready
(0, 1, 0, -2, -2, -1, -1, 0) ,Ready
(-2, -1, -1, 2, 0, -1, -2, -1) ,Ready
(1, -1, -1, -1, 0, 0, -2, -1) ,Ready
(-1, -3, -1, -3, 0, -2, -1, 0) ,Ready
(-2, -3, 0, -2, -1, -2, 0, -3) ,Ready
(-2, 0, -1, -2, -1, -2, 0, -2) ,Ready
(-1, -1, 0, -2, -2, -1, 0, -4) ,Ready
(0, 1, -2, -1, 0, -2, -1, -2) ,Ready
(-1, 0, -2, 1, -1, -3, -2, -1) ,Ready
(-2, -1, -2, 0, -1, -2, -1, -1) ,Ready
(-2, -1, 0, -2, -1, -2, 0, 0) ,Ready
(-2, -1, -1, -1, -1, 0, -1, -1) ,Ready
(-2, -1, 0, 0, -1, 0, 0, -3) ,Ready
(0, -2, -2, -2, -1, -1, -1, 0) ,Ready
(-2, -1, -2, 0, 1, -1, 0, 0) ,Ready
(-1, -1, 0, -2, -2, -2, -1, -2) ,Ready
(1, -1, 0, -1, -1, -3, 0, -1) ,Ready
(1, -2, -1, 0, -1, -1, -1, -2) ,Ready
(-2, -1, -1, -1, -2, -1, -1, 0) ,Ready
(-1, -2, -1, 0, -1, -1, 0, -1) ,Ready
(-2, 0, -2, 0, 2, -1, 0, 1) ,Ready
(-1, 0, -1, -1, -1, -2, -2, -1) ,Ready
(-1, -1, -1, -1, -1, 0, -1, -2) ,Ready
(-1, 0, 0, -2, -1, -1, -3, -1) ,Ready
(1, -1, 0, -3, 0, -3, -2, -1) ,Ready
(-2, 0, -1, -3, -2, -2, -1, -2) ,Ready
(1, 0, -2, -1, 0, -2, -1, 0) ,Ready
(0, -1, -2, -1, 0, -2, 0, -1) ,Ready
(-1, -1, 1, 1, 0, 0, -2, -1) ,Ready
(-1, -3, -2, -2, -2, 1, -1, -1) ,Ready
(-1, 0, -1, 0, -1, -1, -4, -2) ,Ready
(-2, 0, 0, -3, 0, 0, -2, -1) ,Ready
(-1, 0, -1, -1, -1, -2, -1, 1) ,Ready
(-1, -1, 0, 0, 0, 0, -2, 0) ,Ready
(0, -2, -1, 1, 0, -1, 0, -1) ,Ready
(-1, -1, -2, 1, -2, -1, 0, -1) ,Ready
(-2, 0, 0, 0, -1, -1, -1, 0) ,Ready
(0, -1, 0, -2, -2, 0, -2, -3) ,Ready
(0, 0, -2, -1, -3, 0, -1, 0) ,Ready
(-1, -1, -1, 0, -1, -1, 0, -2) ,Ready
(-2, -2, -1, -1, -1, -1, 0, -1) ,Ready
(-2, -1, -1, 1, 0, -1, -2, -1) ,Ready
(-1, 0, -1, -2, 0, -1, -1, -2) ,Ready
(-1, 0, -2, -2, -1, -1, 0, -1) ,Ready
(-2, -2, 0, 0, -1, -2, -1, -2) ,Ready
(-2, 0, -3, -2, -1, -2, 0, 0) ,Ready
(-2, -1, 0, -1, -2, 0, 0, -1) ,Ready
(-1, -2, -1, -2, -2, -2, -2, -2) ,Ready
(0, -1, -2, -1, -2, 0, -1, 0) ,Ready
(0, -1, -1, -1, -1, -2, 0, 0) ,Ready
(0, 0, -1, 0, 1, 0, 0, 0) ,Ready
(-1, -2, -1, -1, 1, -1, 0, -2) ,Ready
(-1, -2, -1, -2, 1, -1, -2, -1) ,Ready
(-1, 0, -1, 1, -1, -2, -1, -1) ,Ready
(-1, -1, -2, -2, -1, 0, 0, 0) ,Ready
(-1, -1, 1, -1, 0, -1, 0, 1) ,Ready
(-2, -2, 0, -2, -2, -1, -2, -2) ,Ready
(-1, -3, -1, -1, -2, 0, -1, -3) ,Ready
(-2, -2, -2, 0, -1, -1, -1, -1) ,Ready
(-1, 0, -2, 1, -2, -1, -3, 0) ,Ready
(0, -1, 0, -1, -1, -1, -1, -1) ,Ready
(-1, 0, 0, -2, -1, 0, 1, -1) ,Ready
(-1, -1, -2, -2, -1, -2, -2, -2) ,Ready
(-1, 0, -2, -1, -1, 0, -3, -1) ,Ready
(0, 0, -2, 0, -1, -2, 0, 0) ,Ready
(-2, -1, -2, -1, -1, -1, -2, -1) ,Ready
(-1, -1, 0, -1, 0, 1, 1, -1) ,Ready
(-1, -2, -1, -1, -2, -1, -2, -3) ,Ready
(0, -1, -3, 0, -2, 0, -1, -1) ,Ready
(0, 0, -1, -2, -1, -2, -1, 1) ,Ready
(-1, -2, 0, -2, -2, -1, 0, -1) ,Ready
(-2, -1, -2, -1, -1, 0, 0, -1) ,Ready
(-1, 1, 1, -1, 0, -3, -1, -1) ,Ready
(0, -1, -2, -2, -1, 0, -1, -2) ,Ready
(-2, 1, -2, -1, -2, -1, -3, -1) ,Ready
(-1, -1, 0, -1, -1, -1, -1, 0) ,Ready
(0, -1, -2, -2, -1, 0, 0, -2) ,Ready
(0, 0, 0, 0, -2, -2, 1, -2) ,Ready
(1, -1, -2, -1, -1, -1, -2, -1) ,Ready
(-1, 0, 0, -1, 0, -2, 1, 0) ,Ready
(-2, -2, -1, -1, 0, -2, -1, -1) ,Ready
(-1, -1, 1, -2, 0, -1, -1, -1) ,Ready
(0, -2, -1, -2, -1, -1, -1, -1) ,Ready
(-1, -3, -1, -1, -2, 0, -2, -2) ,Ready
(-2, -1, -1, -2, -2, -2, -2, -1) ,Ready
(-1, -2, -1, 0, -2, -1, -1, -1) ,Ready
(-2, 1, 0, 1, 1, -2, 0, -2) ,Ready
(0, 1, -2, -2, -2, -2, -1, -1) ,Ready
(-1, 0, 0, 0, -3, 0, -1, -1) ,Ready
(-1, -2, -2, 0, -1, -1, -1, 0) ,Ready
(-2, -1, -1, -1, -1, -1, -2, -2) ,Ready
(-3, -2, -2, -2, 0, -1, -1, 0) ,Ready
(-1, -2, -1, -1, -1, 0, 1, -2) ,Ready
(-2, -3, -1, -2, 0, 0, -1, -2) ,Ready
(0, 0, 0, -2, -1, -1, -1, -1) ,Ready
(-1, -1, -2, -3, -1, -2, -1, -1) ,Ready
(-2, -1, -2, -1, -3, -2, -1, 0) ,Ready
(0, 0, -3, -1, -2, 0, -1, -1) ,Ready
(-1, -1, -3, -3, 0, -2, -2, -2) ,Ready
(0, 0, -2, -1, -1, -1, -1, -2) ,Ready
(-1, -1, 1, -1, -1, -2, -2, -1) ,Ready
(-1, -2, -1, 0, 0, -2, -1, -1) ,Ready
(-2, 0, 1, -1, -2, -1, -1, 0) ,Ready
(-1, -2, 0, -3, -3, -1, -2, -1) ,Ready
(-1, 0, -3, 0, -1, -2, -2, -1) ,Ready
(-2, 0, 1, 0, -1, -1, 0, 0) ,Ready
(-1, 0, 0, -2, 0, 1, 1, -1) ,Ready
(-2, 0, -1, 0, -2, 0, -3, -1) ,Ready
(-1, 0, -3, -1, 0, -3, -1, -1) ,Ready
(1, -2, -2, -1, -1, 0, -1, 0) ,Ready
(-1, 0, -2, -1, -2, -1, -1, -1) ,Ready
(-1, 0, 0, -2, -2, -3, -1, -1) ,Ready
(-3, -3, 0, -1, -1, -1, 0, 0) ,Ready
(-1, 0, -1, 0, 0, -2, -2, 0) ,Ready
(1, 0, -1, -2, -1, -1, -1, -2) ,Ready
(-1, -1, -2, -1, 0, 0, -1, -2) ,Ready
(-1, 0, 0, -1, -2, -1, 1, -2) ,Ready
(-1, -2, -1, 0, -2, -3, 0, -2) ,Ready
(0, 0, -1, -3, -1, 1, -2, -1) ,Ready
(-1, -1, -2, -2, -2, -1, -1, -2) ,Ready
(-2, -1, 0, -3, -1, 0, 0, -1) ,Ready
(-1, -3, -1, -2, -1, -2, 0, -1) ,Ready
(1, -2, -1, 0, -1, -1, -1, 0) ,Ready
(-2, 0, -2, -1, -1, -2, -1, 0) ,Ready
(0, -3, -3, 0, -1, -1, -1, 0) ,Ready
(-2, -2, -2, -1, -2, -1, -3, -2) ,Ready
(-1, -1, 0, -1, 0, -3, -1, -2) ,Ready
(-1, -3, -1, 1, -2, -2, -1, -1) ,Ready
(1, -2, -1, -1, -1, -1, 0, -3) ,Ready
(0, 0, -1, 0, 0, -2, -1, 0) ,Ready
(-1, -1, 0, -1, -1, -1, -2, 0) ,Ready
(0, -2, 0, -2, 0, -1, -1, -1) ,Ready
(-3, 0, -1, -2, -3, -1, -1, -1) ,Ready
(-1, -2, 0, -1, -3, -1, 0, -2) ,Ready
(0, -2, -1, 0, 0, 0, -1, 0) ,Ready
(-1, -2, -2, -2, -2, -1, -1, -1) ,Ready
(-2, -1, -1, 1, -2, -1, -1, -2) ,Ready
(-1, 0, -1, -2, -1, 0, -1, -2) ,Ready
(-2, 0, -1, -1, 0, -1, -2, -1) ,Ready
(-2, 2, -1, -2, -2, -1, -2, 0) ,Ready
(-1, 0, -1, -2, -2, 0, 0, -1) ,Ready
(-1, -2, -1, -1, -2, -2, -1, -2) ,Ready
(-2, -2, -2, 0, -1, 0, 0, -1) ,Ready
(-2, -1, -1, -2, -2, -1, -1, 0) ,Ready
(-1, 0, -1, -2, -2, -1, -2, -3) ,Ready
(-1, 0, 0, -1, -1, -3, -3, -1) ,Ready
(-1, -1, -2, -1, 0, -2, 0, -1) ,Ready
(0, 1, -2, -2, -1, -2, -2, -1) ,Ready
(-1, -3, -1, -1, -2, 0, 0, -1) ,Ready
(-1, -1, -2, 0, 1, 0, -2, 1) ,Ready
(-1, -2, 0, 0, -2, -1, -1, 0) ,Ready
(0, -1, 0, -1, -1, -2, -2, -1) ,Ready
(0, -1, -2, 0, -1, -1, -4, -1) ,Ready
(0, -3, -1, -2, 0, 0, -2, -1) ,Ready
(0, -2, -1, -1, -1, -1, -1, -1) ,Ready
(-1, -1, -2, 0, -1, 0, -2, -1) ,Ready
(-1, 0, 1, 0, 0, 0, -1, -1) ,Ready
(-1, -1, 0, 0, -2, -1, 0, -2) ,Ready
(0, 0, 0, -2, -1, -1, -1, -1) ,Ready
(-1, -2, 0, 0, -2, 0, 0, -1) ,Ready
(-2, -2, -3, -2, 0, -2, -1, -1) ,Ready
(-3, 0, -1, -2, -1, -1, -3, -1) ,Ready
(0, -1, -1, 0, 0, 0, 0, -2) ,Ready
(-1, -2, -1, -2, -1, 1, 1, -1) ,Ready
(2, 1, -1, -1, -1, -1, 1, 1) ,Ready
(-3, -2, -1, 1, -1, -2, 0, -1) ,Ready
(0, 1, -1, -2, -2, 0, 0, -1) ,Ready
(-1, -2, 0, 0, 1, 0, -2, -1) ,Ready
(-2, -1, 0, 1, -1, -2, -1, -2) ,Ready
(0, -3, -1, -2, -2, -1, -2, -1) ,Ready
(-1, -1, -2, -1, -1, -3, -1, 0) ,Ready
(0, -2, 0, 0, 0, -1, -2, -1) ,Ready
(-1, -1, -1, -1, -2, 1, -2, -3) ,Ready
(0, 0, -1, -2, -1, -3, 0, -1) ,Ready
(-3, -2, -1, -2, -1, -2, 0, -1) ,Ready
(0, 0, -1, -2, -2, -1, -2, -1) ,Ready
(-2, 0, -1, -1, -2, -1, -1, -1) ,Ready
(-1, -2, 0, 0, -1, -1, -2, -1) ,Ready
(-1, -1, -1, 1, -3, -1, -2, 0) ,Ready
(-2, -2, -3, -2, -2, -4, -1, -1) ,Ready
(-1, -4, -2, -2, -2, -2, 0, -3) ,Ready
(0, 0, -2, -2, -2, 1, 0, -1) ,Ready
(-1, -2, -1, -2, 0, -1, -2, -1) ,Ready
(-2, 1, -2, -1, -1, -1, -1, 0) ,Ready
(-1, -1, -2, -1, -1, -2, -2, -1) ,Ready
(-1, -1, -1, 0, 0, -2, -2, -1) ,Ready
(-1, -1, -1, -2, -2, -2, -2, -1) ,Ready
(-1, -1, -1, 0, -2, 0, 0, 0) ,Ready
(0, -1, -1, -1, 0, -1, -1, -1) ,Ready
(0, -2, -2, -1, -3, -2, -1, -2) ,Ready
(0, -3, 0, -2, 0, -1, -1, 0) ,Ready
(-1, 0, -1, -1, 0, -3, -1, -3) ,Ready
(-1, -1, -1, -1, -1, 0, -1, 0) ,Ready
(-2, 0, -1, 0, -2, -1, -2, -2) ,Ready
(0, -3, -2, -1, -1, -1, -1, -2) ,Ready
(0, -3, 0, -1, -1, -1, -1, 0) ,Ready
(-1, -3, -2, -1, 0, -1, -1, 0) ,Ready
(-1, 0, -2, 1, 0, -2, 0, 0) ,Ready
(-2, 0, -1, 0, 1, 0, -1, -2) ,Ready
(0, 0, -2, -2, -2, -2, -1, -1) ,Ready
(-1, 0, -2, 0, -2, -1, -3, -2) ,Ready
(0, 0, 0, 0, -1, -2, -1, 0) ,Ready
(-2, -2, 0, 0, -2, -1, 0, -1) ,Ready
(-1, 0, -2, -1, -1, 0, 0, -2) ,Ready
(0, 0, -2, -2, 0, -1, -1, -1) ,Ready
(-1, -2, -1, -1, 0, -2, 0, -1) ,Ready
(-1, 0, -1, -1, -1, -2, -1, -1) ,Ready
(-1, -3, -1, -1, -2, 1, -1, 1) ,Ready
(0, -1, -1, -1, -1, 1, -1, -1) ,Ready
(-1, -1, 0, -2, -1, -1, -1, -1) ,Ready
(-2, -1, -2, -1, -1, -1, -1, -2) ,Ready
(-2, -1, -2, -1, -1, -1, -1, -1) ,Ready
(-1, -1, 0, -2, -3, -1, -1, 0) ,Ready
(0, 0, -1, 0, -1, -1, -1, 0) ,Ready
(0, 0, -1, 0, -1, -2, -2, -2) ,Ready
(-1, 0, -1, -1, -1, -1, -1, -1) ,Ready
(-1, -2, -2, 1, 0, 0, -3, 0) ,Ready
(-1, -1, -1, -3, -1, -2, -2, -2) ,Ready
(-1, -2, 0, -1, -1, -1, 0, 0) ,Ready
(-2, -2, -1, -1, -2, 0, -1, -2) ,Ready
(-1, -3, 0, -2, -1, -2, 0, -1) ,Ready
(-1, -1, -3, -1, 1, 0, -1, -1) ,Ready
(-2, -2, -1, -2, -1, -1, -1, -1) ,Ready
(-1, -1, -2, -1, -3, -1, -2, 0) ,Ready
(-1, 0, -1, -1, -2, -2, -2, -1) ,Ready
(-1, -1, -1, 1, -2, 0, 0, -1) ,Ready
(-1, -3, -3, -1, -1, -2, 0, 1) ,Ready
(-3, -2, -2, -1, 1, -1, 0, 0) ,Ready
(-1, 0, -2, 0, -1, -1, -1, 0) ,Ready
(-2, 0, 0, -1, 0, -1, -1, -1) ,Ready
(-2, -1, -3, 0, -1, 0, -1, -2) ,Ready
(0, -2, -2, -2, -2, -1, 0, -1) ,Ready
(-1, 0, -2, -1, 0, 1, -1, -1) ,Ready
(-2, -2, 0, -3, -1, 0, -2, -1) ,Ready
(-1, -2, 0, -1, -2, 0, 0, -1) ,Ready
(-2, -1, -1, -1, 1, -2, -1, -1) ,Ready
(-1, 0, 0, -1, -1, -1, -1, -1) ,Ready
(1, 0, -2, -2, -2, -1, -2, -2) ,Ready
(0, -1, -2, 0, 0, 0, -1, 1) ,Ready
(-1, -2, -1, -1, -1, -2, 0, -1) ,Ready
(-1, 1, -1, -1, 0, -1, 1, -1) ,Ready
(-1, -1, -2, 1, -2, -1, -1, -1) ,Ready
(-1, -1, 0, 0, 0, 0, 0, -1) ,Ready
(1, 0, -1, -1, -1, -1, -2, 0) ,Ready
(-1, -2, -1, 0, -3, -2, 0, 0) ,Ready
(0, 0, -1, -3, 0, -2, 0, 0) ,Ready
(0, 0, -3, -1, -1, -2, -2, -2) ,Ready
(-2, 0, -1, 0, -1, -2, 0, -1) ,Ready
(-1, -1, -1, 0, -3, 0, -1, -1) ,Ready
(-1, -1, -1, 0, -2, -1, 0, 1) ,Ready
(0, -2, 1, 1, 0, -1, -1, -3) ,Ready
(-2, -1, -2, -1, 0, -1, -1, -2) ,Ready
(-1, -2, -2, -1, 0, -2, -2, 0) ,Ready
(-1, -2, -1, -2, -1, -2, -2, 1) ,Ready
(-1, 1, -2, -2, -1, -1, 0, -1) ,Ready
(0, -1, -1, -1, -2, 0, -2, 1) ,Ready
(-2, -1, -1, -2, -1, -1, -1, 0) ,Ready
(-1, -2, -2, 0, 0, -1, -1, -1) ,Ready
(-2, -2, -2, -1, -2, -1, -2, -1) ,Ready
(0, -2, -1, -1, 1, -1, 0, -2) ,Ready
(0, -1, -1, -1, -2, -1, -1, 0) ,Ready
(0, -2, 2, -3, -2, 0, 0, -2) ,Ready
(-2, -1, -1, -2, -2, -2, -2, -2) ,Ready
(-3, -2, -1, -1, -1, -2, -1, -2) ,Ready
(-1, -2, -1, 0, -1, 0, -1, -1) ,Ready
(0, 0, -1, 0, -3, -2, -2, -1) ,Ready
(0, -1, -1, 0, 0, -1, -1, -1) ,Ready
(-1, -2, 0, -1, -2, 0, 0, -1) ,Ready
(-1, -2, -4, -2, 1, -1, -1, -1) ,Ready
(-2, -1, 0, -2, -3, -1, -1, -3) ,Ready
(0, -1, -1, -1, 0, -1, -1, -1) ,Ready
(-1, 0, 0, 0, -1, -1, -2, 1) ,Ready
(1, 0, 1, -1, 0, 0, -1, -3) ,Ready
(-2, -1, -3, 0, -1, -1, -1, -1) ,Ready
(-1, 0, 0, -1, -2, -1, 0, 0) ,Ready
(-1, -1, -1, -2, 0, -1, -1, -2) ,Ready
(0, -3, -2, -1, 0, -2, -2, -1) ,Ready
(-2, 0, -1, -1, 0, 1, -2, -1) ,Ready
(0, -1, -1, -1, 0, -1, -2, -2) ,Ready
(-1, -1, 0, 0, -3, -1, 0, -1) ,Ready
(-2, -1, -1, 0, -1, -3, 0, 0) ,Ready
(-3, -1, -3, -2, -1, -1, -1, -1) ,Ready
(-1, -1, -3, -1, -2, -2, 0, -1) ,Ready
(-1, -2, -1, 0, -1, -1, -2, -1) ,Ready
(-1, -1, -2, -2, -2, -1, -2, -1) ,Ready
(0, -2, -2, 1, 0, -1, -1, -1) ,Ready
(-3, -2, -1, -2, 0, -1, 1, -2) ,Ready
(0, 1, -1, -3, 0, -2, -2, -2) ,Ready
(-1, -1, -1, -1, -2, -1, 1, -1) ,Ready
(-2, -1, -1, -1, -2, 0, 0, -1) ,Ready
(-1, -2, -2, -2, 0, 0, 0, -1) ,Ready
(0, -2, 0, -1, 1, -1, 1, -1) ,Ready
(-3, 0, -1, -2, -2, -2, -3, -2) ,Ready
(-2, -1, -1, -1, 0, -1, -3, -3) ,Ready
(-1, -2, -2, -2, -1, -2, -1, -1) ,Ready
(-2, 0, 0, -1, 0, 0, 0, -1) ,Ready
(0, 0, -2, -1, -2, -1, -1, 0) ,Ready
(0, -1, -1, -2, -1, 0, -1, 1) ,Ready
(-2, 1, 0, -1, 1, 0, -1, -2) ,Ready
(0, 0, 0, -1, -1, -2, -1, -2) ,Ready
(-2, -2, -1, 0, -1, -2, -1, -1) ,Ready
(-1, -2, 0, -1, 0, -3, 0, -1) ,Ready
(-2, -3, -2, -2, -1, -1, 1, -2) ,Ready
(-1, -1, -1, -1, 1, -1, -1, 0) ,Ready
(-2, -1, -1, -1, -1, -2, -1, -2) ,Ready
(0, 0, -2, -1, -2, -2, -2, -3) ,Ready
(-1, -1, -1, 0, 0, -1, -1, -2) ,Ready
(-2, -3, 0, -1, 0, -2, 0, -1) ,Ready
(-1, -2, 0, -2, -3, -1, -1, -2) ,Ready
(0, 1, -1, -1, -1, -1, -1, 0) ,Ready
(-1, -1, -1, -1, -1, -1, -2, -2) ,Ready
(0, -1, -1, 1, -2, -3, -2, -2) ,Ready
(0, -1, 0, 1, -2, 1, -1, -2) ,Ready
(-1, -1, -1, 0, -1, -2, -2, 0) ,Ready
(-1, -1, -2, -3, -2, -2, 0, 1) ,Ready
(-2, -1, -2, -2, 0, -1, 0, 0) ,Ready
(-1, -1, -1, -2, 0, -2, -2, -2) ,Ready
(-2, 0, -3, -1, -1, -1, -1, -2) ,Ready
(0, -2, -2, 1, 0, -2, -1, -2) ,Ready
(-3, -3, 0, 1, -1, -2, 0, -1) ,Ready
(-1, 0, -2, 0, 0, -1, 0, -2) ,Ready
(0, -2, 0, -1, -1, 0, 0, -2) ,Ready
(0, 1, -2, -2, 0, -2, 0, -2) ,Ready
(-2, -1, -1, 0, -1, -1, 1, -1) ,Ready
(-1, -1, 0, 0, -1, -1, -1, -1) ,Ready
(-1, 1, 0, -1, -1, -2, -2, -2) ,Ready
(-1, -2, -2, -2, -1, 0, -2, 0) ,Ready
(-1, -1, -3, 0, 1, 0, -3, -1) ,Ready
(-1, -2, -2, 1, -2, 1, -1, -2) ,Ready
(-1, 0, -2, -2, -1, -3, -1, -1) ,Ready
(-1, -1, -2, 0, -1, 1, 0, -2) ,Ready
(-1, -2, -1, 0, 0, -2, 0, 0) ,Ready
(-1, -2, -3, -3, -1, -2, -1, -1) ,Ready
(-1, 0, -1, -1, -1, -1, -1, -1) ,Ready
(-1, 1, -1, -1, 1, 0, 1, -1) ,Ready
(-3, -2, -1, -1, -2, 0, -2, -1) ,Ready
(0, 0, -1, -1, -1, 0, 0, -1) ,Ready
(0, -1, -1, -1, 0, -1, 0, -2) ,Ready
(-1, 1, 0, -1, 0, -2, -2, 0) ,Ready
(0, -2, -1, 0, 0, -2, -2, -1) ,Ready
(-1, 0, 1, -1, -3, -1, 0, 0) ,Ready
(-1, 0, -3, 0, -1, -2, -1, -1) ,Ready
(-2, 0, -1, -1, -1, -2, 0, -1) ,Ready
(0, -1, -2, -2, 0, -1, -1, 0) ,Ready
(0, -2, -1, 0, -1, 1, -1, 0) ,Ready
(-2, -2, -1, 0, 0, -2, -1, -1) ,Ready
(-1, -1, -1, -1, 0, -1, -1, -1) ,Ready
(0, -3, -1, -1, 0, -2, -1, -2) ,Ready
(-1, -2, 0, -3, -1, 0, -1, 0) ,Ready
(-1, 0, -1, -2, -2, -1, -1, -1) ,Ready
(-1, -2, -2, -2, -1, -1, -1, -1) ,Ready
(-1, -1, 0, 1, -2, -1, -2, 0) ,Ready
(0, -1, -2, -3, -1, -2, -1, 0) ,Ready
(-1, -1, -3, 0, 0, -1, -2, 0) ,Ready
(-2, -2, -2, 0, 1, -2, -2, -2) ,Ready
(-1, -1, -1, -1, -3, -2, -1, -1) ,Ready
(-1, 0, 1, 0, 0, -1, -1, 0) ,Ready
(-2, -2, 1, -1, -2, 0, 0, -1) ,Ready
(-1, 0, -3, -1, -1, -3, -2, -1) ,Ready
(-1, 1, -2, -2, 0, 0, -1, -1) ,Ready
(-2, -2, -2, 0, -1, -2, 0, -1) ,Ready
(1, -1, -1, -1, -1, 0, 0, 0) ,Ready
(-1, 0, 0, -1, -1, 0, -1, -1) ,Ready
(-2, -2, -1, -2, 1, -1, -2, -1) ,Ready
(0, -2, -3, 0, -1, -1, 0, -2) ,Ready
(-2, -2, 0, -2, -2, -2, 0, -1) ,Ready
(-1, -1, -2, -2, -2, -2, -1, 1) ,Ready
(-1, 0, -2, 0, 1, -4, -1, 0) ,Ready
(-2, -1, -1, -1, -1, 0, -1, 0) ,Ready
(0, -1, -2, -1, -2, 0, -1, -1) ,Ready
(-2, -2, -1, -1, -2, 0, -3, -2) ,Ready
(-2, -2, -1, -3, 0, -1, -1, -1) ,Ready
(-1, 0, -1, -1, -1, -3, 0, 1) ,Ready
(-1, -1, -1, -1, -1, -1, -2, -1) ,Ready
(0, -2, -1, -2, -2, -1, 0, -1) ,Ready
(0, -1, -1, -1, -1, -3, -1, 0) ,Ready
(-1, -1, 0, -1, -1, 0, -1, -1) ,Ready
(-3, -1, -1, -2, -2, 0, -1, -1) ,Ready
(1, -1, -2, 1, -2, -1, -1, -1) ,Ready
(-2, 0, -1, 0, 0, -1, -1, -1) ,Ready
(-1, -1, -2, -2, -1, 1, -2, -1) ,Ready
(-1, 0, -3, -1, -2, -1, -1, 0) ,Ready
(-1, -1, -2, -2, -1, 0, -1, 0) ,Ready
(-1, 0, -2, -1, -2, 1, 0, -1) ,Ready
(-1, -2, -1, 0, -2, 1, -2, -1) ,Ready
(1, 0, -1, 0, 0, -4, -2, -2) ,Ready
(-1, -1, -1, -2, -3, -2, 0, 0) ,Ready
(-2, -1, 0, -1, -1, -2, 0, -1) ,Ready
(-1, 0, -1, -1, 0, -1, -1, -2) ,Ready
(-1, 0, -1, -2, 0, 0, 0, -1) ,Ready
(-3, -1, -1, 0, -1, -2, -1, 0) ,Ready
(0, -1, -2, 0, -1, -2, -3, -1) ,Ready
(0, -2, 0, -2, 1, -1, -2, 0) ,Ready
(-2, 0, 0, 0, 0, -2, -1, -1) ,Ready
(-2, -2, 0, -1, -1, -1, -1, -1) ,Ready
(-3, 0, -1, -1, -3, -2, -1, -2) ,Ready
(-1, -2, -3, 0, 0, -1, -1, -1) ,Ready
(-2, -1, -1, -2, -1, -1, 1, 1) ,Ready
(-1, -3, -1, -2, -1, -2, -1, -4) ,Ready
(0, -2, -1, -1, -2, -1, 0, -1) ,Ready
(-1, 0, -1, -1, -2, -1, -1, -2) ,Ready
(0, 1, -1, -2, 0, -1, -1, 0) ,Ready
(0, -1, -2, 0, -2, 0, -1, -1) ,Ready
(0, 0, 0, -2, -1, -2, -1, -3) ,Ready
(-1, -1, 0, -2, -3, -1, 0, -2) ,Ready
(0, -2, 0, -2, -2, 1, 1, -1) ,Ready
(-1, 0, -2, 0, 1, -1, -1, 0) ,Ready
(-1, -2, 0, 0, -1, 0, -2, 0) ,Ready
(-1, 0, -1, -1, -1, -2, -1, -1) ,Ready
(-1, -2, -2, -1, -2, -1, -1, 0) ,Ready
(0, -1, -1, -1, 0, -1, -2, -2) ,Ready
(-1, -2, -1, -1, -2, -1, -1, 0) ,Ready
(-1, -2, -2, -1, -1, 1, -1, -1) ,Ready
(-2, -3, 0, 0, -2, 0, -2, -2) ,Ready
(-2, -2, -1, 1, -1, -1, -1, 0) ,Ready
(-2, 0, -2, -3, -2, -2, 0, -1) ,Ready
(0, 0, -1, -1, -1, -2, -1, -1) ,Ready
(-1, -1, -2, -2, 0, 1, 1, 1) ,Ready
(-1, 1, 0, -1, 0, -1, -1, -2) ,Ready
(0, -1, -1, 1, -1, 0, 0, -1) ,Ready
(0, 0, -1, 0, 0, -1, -1, -1) ,Ready
(0, 0, -1, -1, 0, -2, -1, -2) ,Ready
(0, -1, -1, -1, -3, -1, -1, -1) ,Ready
(-1, -1, -2, -2, 0, 0, -1, 0) ,Ready
(0, -1, -1, -2, -1, -1, -2, -2) ,Ready
(0, 0, 0, 0, 1, -1, -1, 1) ,Ready
(-1, -2, -3, -1, -1, 0, 0, 0) ,Ready
(-1, -3, 0, 1, -1, -2, -2, -3) ,Ready
(-1, -2, -1, -1, -1, -1, -1, -3) ,Ready
(-1, -1, -1, -1, 0, 0, -1, -1) ,Ready
(-2, -2, 1, 1, -1, -1, 1, -1) ,Ready
(0, -1, -1, -1, -1, -2, -1, -2) ,Ready
(-1, -2, -1, -1, 0, -1, -1, 0) ,Ready
(-1, -1, -1, -1, -2, -1, -1, -3) ,Ready
(-1, -1, -2, -2, 1, 1, -1, 0) ,Ready
(-1, -1, -1, -2, -2, -2, -2, -1) ,Ready
(-3, -1, 0, -1, -1, -1, -2, -1) ,Ready
(0, 1, 1, -4, -1, -1, 1, -2) ,Ready
(0, -2, -1, -3, -1, -3, -3, -1) ,Ready
(-2, -3, 0, -1, -1, -3, 0, -1) ,Ready
(0, -1, 1, 0, -2, -3, -3, 0) ,Ready
(-2, -1, -2, 0, -1, -2, -1, -1) ,Ready
(-2, -2, 0, -2, -2, -2, -1, -1) ,Ready
(-2, -1, 1, -1, -3, -2, -1, -1) ,Ready
(0, -1, -2, 0, -1, -1, -1, -1) ,Ready
(-1, -1, 0, 0, -1, 0, -1, -2) ,5
(1, 0, -2, -2, 0, -2, -2, -2) ,5
(-2, -1, 0, -1, 1, -1, -1, 1) ,5
(-2, -1, 0, -1, -1, 0, -2, -1) ,5
(-1, 0, 0, 0, -2, -3, -3, -1) ,5
(0, -3, -1, -1, -1, -1, -1, -2) ,5
(-1, -3, -1, -1, -1, 2, 0, -2) ,5
(-1, -1, -1, -1, 0, -1, -1, 0) ,5
(-1, -3, -3, -2, 1, -2, -1, 1) ,5
(0, -1, 0, 0, -2, -1, -2, -1) ,5
(0, -2, -1, 0, -2, 0, 0, -1) ,5
(-2, 0, -2, -1, -1, -1, 0, 1) ,5
(-1, -2, -2, -1, -1, 0, -1, -1) ,5
(-2, -1, -1, -1, -2, 0, 1, -2) ,5
(-1, 0, -2, 0, 1, -1, -2, -2) ,5
(0, 0, -2, -1, 0, -2, -1, -3) ,5
(0, 0, -1, 1, 0, 0, 0, -1) ,5
(-1, -1, -1, 1, -2, -1, -1, -2) ,5
(-2, 0, -1, -1, -1, -1, -2, -2) ,5
(-2, -1, -1, -2, -2, 0, -1, -3) ,5
(-1, -2, -1, 0, -1, 0, -3, -1) ,5
(-1, -2, -1, -1, -1, 0, 1, 0) ,5
(0, 0, -3, -2, 0, 0, 1, 1) ,5
(0, 0, -1, -1, 0, 0, -1, -3) ,5
(-1, 0, 0, 0, -2, 0, -2, -2) ,5
(-2, -1, -2, -1, -2, -1, -2, -2) ,5
(-1, -1, -1, -1, 0, -3, -2, -2) ,5
(0, -1, -2, -2, -2, -3, 0, -1) ,5
(-1, -1, -1, -2, -1, -1, 0, -1) ,5
(-1, 0, 0, -1, -2, 1, -3, -1) ,5
(-1, -1, -1, -1, 0, 0, -1, -1) ,5
(-2, -2, 0, -2, -1, -2, 1, -2) ,5
(0, -1, -2, 1, 0, 0, -1, 0) ,5
(-1, -1, -1, -1, -1, -2, -2, -2) ,5
(-1, 0, 1, 1, -1, -1, 0, -2) ,5
(-2, -2, -2, -2, -1, 0, -2, -2) ,5
(1, -1, -1, -3, 0, -1, 0, -2) ,5
(-1, -1, -2, 0, 0, 0, 0, -2) ,5
(0, -4, 0, -2, 0, -2, -1, 0) ,5
(2, -1, -1, 0, -2, -1, -3, 0) ,5
(-2, 0, -1, -1, -1, -1, -2, -2) ,5
(-1, -2, -1, -3, 1, -1, -1, 0) ,5
(-1, 0, -2, -2, -1, -1, -1, -1) ,5
(0, -2, -1, -1, 0, -3, -2, -2) ,5
(-3, -1, -3, -1, 0, -3, -1, -1) ,5
(-1, -2, -2, -1, -1, 0, 1, 0) ,5
(-2, 1, -2, 1, -1, -1, -2, -1) ,5
(-2, -2, -2, -1, 1, -1, -1, -1) ,5
(-1, -3, 1, -1, -2, 0, -3, 0) ,5
(0, -1, -2, -2, 0, -3, -2, -1) ,5
(-1, -1, 0, -1, -1, -1, -2, 0) ,5
(-1, -1, 0, -2, -1, 0, -1, -2) ,5
(0, -1, -1, -2, -2, -2, -1, -1) ,5
(0, -2, -1, 0, -1, -1, 1, -1) ,5
(-1, -1, -1, -1, -1, -2, -1, 0) ,5
(-2, -2, -2, -1, -2, 1, -2, 0) ,5
(-1, 0, 0, 0, -2, -1, -2, -2) ,5
(0, -1, 1, 0, 0, -1, -2, -1) ,5
(-1, -1, -1, 0, -3, -2, -2, -1) ,5
(0, 0, -1, -1, -1, -3, -2, -1) ,5
(-1, -1, -2, -2, 0, 0, -1, -1) ,5
(-2, 2, -1, 0, -1, -2, -1, -1) ,5
(1, -2, -2, -2, 0, 0, -1, -1) ,5
(-1, -2, -1, 0, -2, 0, 1, -1) ,5
(0, -1, -2, -1, -1, -2, -1, 0) ,5
(1, -2, -2, -2, -1, 0, -1, -1) ,5
(0, 0, -1, 0, 0, 1, -1, 0) ,5
(-1, -1, -1, -1, -2, -1, 0, -2) ,5
(-1, -1, 0, -1, -1, -2, 0, -2) ,5
(-1, 0, -1, -2, -1, 0, -1, -1) ,5
(0, -1, -2, -1, -2, 0, 0, 0) ,5
(-1, 0, -4, -1, 0, 0, -1, -1) ,5
(-1, -2, 1, -4, 0, 0, 0, -2) ,5
(-1, -2, -1, 4, -3, -2, -1, -2) ,5
(0, 0, -2, -2, 0, 0, -1, 0) ,5
(-1, -2, -2, -2, -2, -2, -1, -1) ,5
(-1, -1, 0, 5, 1, -2, -1, 0) ,5
(0, 3, 10, -15, 5, 2, -1, 0) ,5
(0, 0, -15, 33, -4, -2, 0, 1) ,5
(-3, 0, 11, -44, -6, -3, -3, -2) ,5
(-2, -1, 23, 7, -3, -3, -2, -1) ,5
(-1, 6, -17, 0, -18, -5, -1, -2) ,5
(-5, -27, -21, 53, 17, 2, 2, 0) ,5
(-1, -5, -49, -52, 2, 2, 0, 2) ,5
(-2, -3, 25, 54, -15, -8, -4, -7) ,5
(1, 10, 49, -1, 14, 1, -1, 0) ,5
(3, 2, -10, -12, -11, 0, -2, -2) ,5
(-12, -2, -8, 81, 0, -2, -2, -1) ,5
(5, -3, -10, -37, 5, 4, 0, 2) ,5
(1, 2, 7, 18, -6, -6, -4, -1) ,5
(5, 8, 21, -1, 4, 1, 0, 1) ,5
(2, -2, 12, -10, 6, 1, -3, -2) ,5
(-8, 2, -12, -22, -3, 0, 0, 1) ,5
(5, -3, -9, 20, -9, -1, 0, -1) ,5
(-4, -5, -6, -46, -16, -9, -5, -3) ,5
(3, 5, 19, 43, 3, 0, -1, -1) ,5
(11, -5, -19, -83, 2, -3, 1, 0) ,5
(-38, -10, -28, -32, -1, 3, -2, -1) ,5
(20, 5, -7, -51, -9, -1, -2, -3) ,5
(-18, -3, -13, 28, -33, -11, -7, -9) ,5
(-9, -6, 6, 67, 26, 1, 0, -2) ,5
(6, -1, 26, -17, 18, 20, 6, 0) ,5
(-2, -2, -7, -4, 4, -3, -1, 0) ,5
(-3, 0, 15, 38, 21, -1, -3, -2) ,5
(14, 14, -9, -27, -26, -3, -2, 1) ,5
(9, -9, 1, -19, -24, -4, 2, 3) ,5
(-4, 7, -2, -24, 9, -1, -1, 2) ,5
(2, -21, -10, 9, -10, -6, -3, -5) ,5
(-8, 1, -14, 50, 6, 2, 1, -1) ,5
(4, 0, 11, -11, 18, 15, 4, 1) ,5
(-10, -2, -2, 17, -11, -8, -3, -4) ,5
(0, -2, 3, -50, -21, -6, -1, -1) ,5
(-4, 5, 0, -102, 3, -4, -4, -3) ,5
(-6, -5, 11, 45, 11, 4, 1, -3) ,5
(6, 3, -10, 14, 7, 4, 1, 0) ,5
(6, 6, 10, -9, 8, 3, 1, 2) ,5
(19, 8, 32, 15, -21, 0, 1, 2) ,5
(2, -18, -35, 28, -2, -15, -3, 1) ,5
(0, -1, -49, -31, 6, 6, 1, 0) ,5
(-10, -4, 18, 23, -11, -3, 2, 1) ,5
(-5, 2, -20, 32, -2, 0, -2, 1) ,5
(1, 5, 6, 0, -2, -9, -6, -1) ,5
(-14, -18, 25, 84, 7, 3, 1, -7) ,5
(-7, 14, -40, -28, -10, -7, -2, -4) ,5
(8, 7, 27, 51, 0, 3, -1, -2) ,5
(-5, -13, -14, -44, -10, -7, -5, -1) ,5
(-14, -2, -11, 53, 8, 2, -2, -5) ,5
(-3, -4, -25, -28, -12, -6, 1, 0) ,5
(3, 11, -2, 33, 8, 2, 0, 2) ,5
(28, -3, -10, -52, 24, 10, 4, 2) ,5
(-12, -9, -21, -12, -18, -6, -3, -1) ,5
(9, 12, 24, 54, 0, -5, -2, 0) ,5
(4, -1, -16, -24, 2, 0, 1, 4) ,5
(2, 6, 31, 8, 12, 6, -1, 0) ,5
(-9, -7, -29, -101, -19, -3, -1, -4) ,5
(-5, -1, 2, 41, 6, 1, -1, -3) ,5
(5, 8, 30, 59, 19, -3, -3, 0) ,5
(-6, -5, -10, 9, 9, 4, 0, -2) ,5
(-3, -13, -5, -56, -18, -2, -2, 0) ,5
(-11, 5, 15, 32, 16, 1, 0, -1) ,5
(3, -11, -26, 15, -30, -9, -4, -2) ,5
(-4, -4, 27, 27, 0, -7, -2, 3) ,5
(1, 7, 40, -36, 3, -5, -3, -5) ,5
(7, 8, -2, -1, 19, 12, 7, 4) ,5
(4, 1, 33, 49, 18, 2, -1, 3) ,5
(-2, -15, -40, -30, 3, 0, -3, -6) ,5
(11, 1, -5, -58, -24, -5, -5, -3) ,5
(-51, 6, 63, 36, -12, -12, -1, -1) ,5
(2, 3, -4, 3, 14, 11, 1, -4) ,5
(-28, -2, -30, -83, -1, 3, 0, 3) ,5
(43, 0, 1, 65, -3, -8, -5, -3) ,5
(15, -5, -29, -3, -5, 3, 2, 2) ,5
(10, 9, 18, -16, -10, -5, -3, -2) ,5
(5, -4, -31, 8, -7, 0, -2, -3) ,5
(-3, -1, 35, 10, 33, 9, 2, -2) ,5
(-33, -7, -47, -50, -7, 0, 2, 1) ,5
(-12, -6, -8, 42, -5, -10, -7, -5) ,5
(15, 0, -4, -109, -18, -10, -5, -2) ,5
(-23, 0, 22, 51, -2, 5, 2, 0) ,5
(11, 2, -2, 46, -37, -9, -4, -1) ,5
(-12, -2, 6, -25, 55, 11, 3, 0) ,5
(16, -1, -37, -4, 22, 13, 1, -1) ,5
(-3, -6, 35, 67, 4, -6, -2, 0) ,5
(41, 7, 5, 8, -22, -7, -3, 1) ,5
(-56, -13, -13, -34, -13, -5, -1, -2) ,5
(21, 15, 60, -35, -40, -2, 1, -2) ,5
(-12, -9, -75, 9, 13, 2, 1, -1) ,5
(4, -2, 11, -8, -4, -2, -4, -9) ,5
(11, 1, -44, 4, -10, -2, 1, 3) ,5
(47, 22, 55, 24, 5, -2, 2, 1) ,5
(-29, -16, -43, -43, 5, -1, -1, -1) ,5
(-17, -11, 3, 19, -22, -6, -2, -3) ,5
(21, -15, -5, -46, 28, 1, -3, -5) ,5
(23, 9, 14, 60, 8, 2, -2, 1) ,5
(-1, 1, -7, 25, -12, -8, -3, -2) ,5
(-2, -3, -43, 4, 46, 19, 4, 3) ,5
(15, -7, 7, 12, -10, -2, -1, -1) ,5
(-22, 4, 11, 31, 7, -4, 0, -1) ,5
(27, 2, -14, -13, 6, 7, 3, 2) ,5
(28, 6, 40, 35, -5, -3, -2, -2) ,5
(-17, 12, 9, -24, -6, -4, -1, 2) ,5
(-27, -47, -102, -24, -13, -6, -5, -9) ,5
(-14, 0, 22, -51, 8, 6, 3, 2) ,5
(0, -2, -21, 15, -17, -13, -5, 3) ,5
(-3, 5, 9, 18, -17, -7, -3, -1) ,5
(-15, 3, 13, 1, 11, 1, 2, -2) ,5
(-6, -4, -8, -47, 14, -6, -5, -2) ,5
(-12, 5, 14, 43, 7, 2, 1, -3) ,5
(9, -4, 15, 41, -10, -2, -2, -2) ,5
(-18, -14, -19, -27, -22, -9, -5, -9) ,5
(-13, -2, -4, -24, 6, -2, 0, 1) ,5
(22, -17, -46, 5, -2, -5, -5, 1) ,5
(-28, 15, 28, 39, -4, -8, -3, -2) ,5
(4, -6, -27, -16, 27, 20, 4, 1) ,5
(-28, 0, -12, 34, -8, -4, -2, -1) ,5
(26, -6, -7, -28, -21, -8, -2, -4) ,5
(6, -8, 26, 0, -6, -8, -8, -9) ,5
(-17, -1, 25, -4, 26, 0, 0, 1) ,5
(40, 0, -41, -95, -5, 10, 2, -4) ,5
(-43, -1, 33, 32, -8, -5, -4, -2) ,5
(-20, -2, -27, -12, 14, 6, 4, 2) ,5
(-3, -5, 6, 49, 34, -1, -5, -4) ,5
(9, -2, -18, -90, -8, -3, -2, 1) ,5
(55, 12, 27, 16, -8, -4, 0, 1) ,5
(-54, -20, -18, -4, -6, 5, 2, -1) ,5
(-2, 10, -15, -55, -11, -8, -3, -2) ,5
(-62, -15, 15, 52, -9, -10, -6, -8) ,5
(68, 2, -11, 19, -24, -8, -3, 0) ,5
(18, -1, -25, -20, 36, 7, 2, 0) ,5
(42, 9, 43, 8, -6, 0, 2, 3) ,5
(-18, -1, 0, 56, -13, -3, -3, -3) ,5
(-41, -7, -35, -85, -10, -4, -1, 0) ,5
(36, -3, 25, 10, -6, -4, -2, -2) ,5
(-3, -13, -36, -13, -14, -7, -5, -3) ,5
(-1, 6, 37, 38, 5, -2, 0, -1) ,5
(12, 0, -25, 9, 18, 7, 3, 3) ,5
(-30, -12, -17, -16, -20, -4, -2, -2) ,5
(-19, -12, 26, 1, 4, 0, -2, -4) ,5
(-11, 9, -23, 30, -6, -5, -1, 2) ,5
(15, 9, 29, 21, 31, 6, 1, 6) ,5
(2, -5, 4, -6, -18, -1, -4, -12) ,5
(13, -9, -35, -56, -22, -8, -4, -1) ,5
(3, 3, 24, 0, 33, 7, 3, 3) ,5
(-33, -6, -10, 15, 4, 0, 1, -5) ,5
(-9, 4, 6, 12, 1, 9, 5, 2) ,5
(-12, -7, 11, 15, -17, -3, 0, 3) ,5
(56, 4, -11, 9, 17, 2, -2, 2) ,5
(-78, -12, 24, -91, 7, -1, -4, -12) ,5
(-16, -6, -7, 14, -22, -7, -3, 3) ,5
(5, 4, -20, -12, 5, -5, 0, -3) ,5
(-37, -7, -7, -7, -18, -9, -4, -3) ,5
(13, 7, -6, 40, 8, 8, 2, 4) ,5
(31, -7, 2, -18, -1, -1, -4, -14) ,5
(-2, 7, 10, 8, 3, -4, -2, -4) ,5
(-12, -7, -31, 24, 19, 7, 4, 3) ,5
(-11, -13, -30, -56, -23, -9, -3, -5) ,5
(-12, -11, -13, -36, 16, 5, -1, -1) ,5
(-11, 8, 5, 5, -32, -8, -2, 0) ,5
(23, 5, -5, -7, 61, 10, 3, 7) ,5
(-35, -6, -16, 30, -34, -7, -2, 1) ,5
(20, 3, -7, -24, -6, -8, -4, -3) ,5
(-54, 6, 0, -6, 3, 5, 1, -1) ,5
(17, 3, -2, 27, -22, -15, -8, 1) ,5
(-5, 1, 12, -32, 25, 12, 5, 4) ,5
(-5, -6, -25, -19, 0, -8, -6, -2) ,5
(20, 6, -3, 21, -13, 0, -7, 1) ,5
(12, -4, 7, -23, 20, 4, 7, 3) ,5
(16, 0, 56, 36, -17, -5, 9, 4) ,5
(24, 12, 8, -2, 25, 2, 1, -1) ,5
(-55, -14, -29, 13, 51, 17, -1, -4) ,5
(40, -2, -30, -73, -23, -8, -7, 4) ,5
(-17, 11, -1, 70, 7, 3, -5, -5) ,5
(-32, 8, 6, -29, -25, -1, 0, 1) ,5
(18, -3, 0, -14, -30, -14, -3, -1) ,5
(-40, 4, 18, 6, -2, -6, -6, -13) ,5
(49, -11, -1, 11, 2, 0, -3, -1) ,5
(-12, 0, -17, -19, 2, 3, 3, 1) ,5
(-24, 1, -23, -2, 26, 6, 1, -2) ,5
(-2, -2, 3, 18, -32, -4, 2, 2) ,5
(28, 7, 20, 27, -12, -8, -2, -3) ,5
(53, 6, -6, 28, 10, 1, -3, 1) ,5
(-28, -6, -1, -19, -5, -2, 4, 1) ,5
(16, -3, 4, 30, 4, 2, 0, -3) ,5
(15, -1, -22, -25, 5, 1, -3, -2) ,5
(-29, -17, 12, 11, 10, 8, -1, -7) ,5
(34, 1, -12, 11, 5, -3, -2, 2) ,5
(-19, 2, 36, 4, -13, -1, -1, 1) ,5
(10, -10, -27, 8, -21, -10, -5, -5) ,5
(15, 16, -28, -4, 9, -1, 1, 6) ,5
(-64, -40, 11, -48, -5, -3, -2, -4) ,5
(-26, 4, -8, 21, 8, 9, 2, -7) ,5
(7, -10, -47, -75, 6, -3, -3, -1) ,5
(-5, 0, 20, 18, -12, -3, 1, 1) ,5
(17, 0, -11, 91, -31, -14, -6, -3) ,5
(9, 4, 8, 5, 11, -3, 0, 2) ,5
(-18, -2, 10, 49, 9, 3, 0, -3) ,5
(-44, -14, 17, -102, -12, -3, -5, -7) ,5
(35, 26, 0, 24, 15, 4, 5, 7) ,5
(16, -9, -25, -20, -2, 3, -2, -1) ,5
(-2, 5, -18, 12, -11, -7, -2, 4) ,5
(16, -6, 19, -31, 26, 3, 0, -5) ,5
(3, -16, -20, -1, -6, -3, -4, -12) ,5
(11, 25, 20, -59, -40, -9, -1, 3) ,5
(-13, -12, 10, 16, 10, 7, 2, 1) ,5
(18, -10, -36, 62, 14, -2, -5, -6) ,5
(4, -5, 3, -28, -3, -2, 1, -1) ,5
(6, -4, -2, 7, 14, 5, 2, 1) ,5
(28, -1, 9, -16, -10, -8, -6, -6) ,5
(-9, 7, 43, 17, -15, -1, 0, -1) ,5
(-18, -24, -39, -32, -3, -4, -2, -5) ,5
(-21, 5, -5, 15, -10, -2, -1, -4) ,5
(12, 0, 8, 23, 15, 2, 2, 2) ,5
(-32, 6, 11, 21, 8, -6, -4, -1) ,5
(-3, 21, 19, -17, 10, 12, 2, 1) ,5
(-22, -18, 20, -8, -3, -4, 0, 5) ,5
(-23, 0, -7, -14, 12, 14, 4, 3) ,5
(-22, -8, -27, 2, -17, -6, -3, -5) ,5
(58, 18, 3, -29, -27, -10, 1, 8) ,5
(30, 14, 2, 12, -3, -3, -2, -4) ,5
(-11, -5, 25, 11, 13, 0, 0, -1) ,5
(2, -10, -14, 1, -6, 0, -1, -2) ,5
(34, 19, 31, -29, 3, 5, 4, 7) ,5
(49, 9, -43, 9, -17, -4, -3, -1) ,5
(-14, -17, -29, -47, -20, -10, -2, 4) ,5
(3, 13, 71, 7, 32, 7, 2, -1) ,5
(8, -35, -71, -10, -16, -3, -3, -13) ,5
(16, 20, 44, 13, 2, 3, 0, 2) ,5
(-7, 1, 40, 3, 35, 0, -2, -2) ,5
(-7, -15, -34, -10, -43, -11, -4, -9) ,5
(25, 18, 49, -11, 24, 5, 0, 0) ,5
(-33, -11, -10, -32, -13, -2, 1, 6) ,5
(-27, -11, -33, -6, -14, -9, -6, -11) ,5
(103, 25, 16, 16, 7, 5, 4, 19) ,5
(14, 2, -20, 12, 11, -2, -1, -2) ,5
(-37, -7, -10, 2, -19, -5, -1, -7) ,5
(10, 10, 69, 33, 17, 0, -1, 3) ,5
(2, -17, -90, -27, -44, -7, -1, -4) ,5
(-13, 18, 25, 3, 32, 7, 5, 5) ,5
(17, -13, 0, -44, 2, 2, 0, 4) ,5
(5, 12, -11, 38, -9, -7, -5, -5) ,5
(-28, -9, 10, -34, 9, 3, -1, -4) ,5
(-62, -13, -7, 12, -24, -9, -5, -4) ,5
(31, 1, 3, 12, 30, 4, -2, -3) ,5
(-48, 5, -4, -31, 26, 6, 1, -6) ,5
(-38, -9, 31, 18, -2, -9, -3, -3) ,5
(9, 11, -38, -21, -14, 0, -1, 1) ,5
(-21, -11, 14, 14, -13, -1, -2, -4) ,5
(34, 20, 0, -32, -11, -4, -1, 2) ,5
(-9, 1, -9, 0, 20, 5, -4, -2) ,5
(-1, -5, 45, -58, 7, 2, 2, -3) ,5
(23, 2, -8, 105, 7, -9, -3, 3) ,5
(-28, -23, -5, 16, 16, 11, 3, 0) ,5
(-10, -5, 14, 48, -14, -5, -2, 0) ,5
(-12, -6, -4, 2, -21, -9, -6, -6) ,5
(11, 15, 17, -31, 30, 7, 2, -1) ,5
(22, 0, -3, -21, -20, -3, 1, 3) ,5
(25, 2, -23, -35, 0, -8, -4, -2) ,5
(-9, -18, 5, 37, -9, 7, 0, -2) ,5
(-34, -11, -36, -5, -30, -16, -6, -8) ,5
(20, 7, -11, -18, 14, 9, 0, 1) ,5
(-30, -1, -6, 44, 11, 8, 3, 3) ,5
(19, 29, 41, 12, 13, -8, -3, 0) ,5
(-7, -21, 10, 23, -34, -10, -6, -7) ,5
(-9, 4, 18, -35, 50, 4, 0, -1) ,5
(36, 4, -29, -38, -7, 7, 1, -5) ,5
(0, 11, 39, 35, 12, -1, 0, 6) ,5
(13, -11, -55, 16, -4, 6, 1, -1) ,5
(-28, 8, 31, 10, -18, -7, -4, -2) ,5
(-19, -10, -36, -47, -8, -7, -3, -7) ,5
(2, -6, -5, 19, -8, -5, -2, -2) ,5
(-56, -6, 13, 17, 47, 9, -1, -6) ,5
(33, 4, 10, 70, -28, -4, 3, 6) ,5
(19, -18, -4, -19, 28, 1, -5, -11) ,5
(-22, 6, -15, -49, -49, -12, -2, 3) ,5
(39, 3, 1, -16, 20, 1, 0, 1) ,5
(16, -8, -19, -31, 13, 21, 6, -2) ,5
(11, 12, 56, 39, -14, -6, 2, 9) ,5
(-1, -3, -76, -17, -15, -6, -2, -2) ,5
(26, 23, 44, -31, 2, -5, 0, 5) ,5
(-35, -6, -17, -5, -27, -9, -3, -8) ,5
(7, 0, 22, 11, -3, 2, 0, 2) ,5
(-11, -1, -40, 15, -2, 1, 1, 2) ,5
(0, 2, -6, -25, 11, -2, -2, -4) ,5
(-35, -28, -10, -8, 37, 0, -6, -6) ,5
(44, 15, -4, 35, -11, 0, -2, 8) ,5
(-48, -11, 37, -1, 22, 6, -2, -9) ,5
(-7, 2, -16, -2, -37, -16, -5, -8) ,5
(14, 4, 4, 23, -11, 0, 1, 0) ,5
(0, -4, -17, -20, 26, 5, -1, -1) ,5
(-11, -12, 29, 18, 2, -3, -1, 4) ,5
(34, 15, -35, -39, -12, 6, 3, 6) ,5
(-27, -5, 5, -25, -10, -5, -2, -1) ,5
(-14, -5, -21, -105, -29, -1, 1, 1) ,5
(4, 5, 1, 69, -17, -3, -3, -5) ,5
(-63, -11, 54, 58, 19, 3, -1, -4) ,5
(43, 13, -20, 34, 5, -5, -4, 2) ,5
(8, -9, -14, -1, 1, 7, 4, 0) ,5
(-4, 2, -3, -43, -25, -11, -2, 1) ,5
(-10, -7, 24, -26, 34, 21, 3, 0) ,5
(40, -11, -77, -4, 5, -2, -4, -2) ,5
(12, 12, 33, 32, 14, -1, -3, -2) ,5
(-43, -24, -39, -7, -1, -4, 0, -6) ,5
(45, 4, 26, -29, -24, -6, 0, 1) ,5
(-26, -3, 32, 38, -50, -13, -3, -2) ,5
(1, 0, -3, -3, 40, 11, 1, -1) ,5
(9, 8, 8, 26, 15, 3, 0, 1) ,5
(-29, 7, 1, 6, -17, -7, -6, -8) ,5
(0, 2, -5, -70, 9, -1, -1, -1) ,5
(-36, -5, -9, -22, -45, -16, -4, 0) ,5
(26, -15, -42, 25, -1, -1, 0, -1) ,5
(-17, -17, -11, 47, 5, -3, -5, -4) ,5
(43, 17, 6, 1, -16, -5, -2, 5) ,5
(-73, 0, 3, 29, -23, -11, -3, -5) ,5
(3, -5, 4, -43, 49, 12, 1, -2) ,5
(10, -8, -54, 27, -30, -6, -2, -1) ,5
(-12, -4, 16, 5, 7, -1, -2, -1) ,5
(-11, -3, -5, 33, -2, -3, -1, -2) ,5
(-1, 1, 3, -39, -1, 2, -3, -5) ,5
(4, 8, 28, -9, 30, 9, 4, 2) ,5
(14, -2, 10, 34, -11, -10, -2, -2) ,5
(-22, -1, -28, -2, -4, 5, 1, -2) ,5
(17, -1, 34, 23, -13, -7, -5, -5) ,5
(-16, -17, -26, -51, 18, 3, 1, -1) ,5
(-6, 9, 17, -13, -5, 1, 2, 5) ,5
(12, -6, -31, 15, -9, -3, 1, 2) ,5
(26, 3, 16, 20, 36, 5, 0, 5) ,5
(-2, 10, 13, -10, -35, -5, -3, 0) ,5
(-20, -5, -20, 27, 10, 1, 1, -6) ,5
(-2, 6, 43, -28, 2, -2, -2, -1) ,5
(-6, 0, -11, -44, -6, -1, 0, -1) ,5
(-7, -15, -14, 31, 7, -5, -1, 4) ,5
(20, 21, 24, 46, -9, -5, -1, -1) ,5
(-65, -32, -20, -2, 5, -4, -8, -13) ,5
(28, 9, 13, 16, -10, -1, 2, 2) ,5
(-13, -2, -53, 13, -33, -10, -3, 2) ,5
(-9, 8, 1, -40, 21, 9, 2, 4) ,5
(34, -2, -15, 45, -8, 0, 1, 1) ,5
(9, 1, -27, -28, -8, -10, -4, -5) ,5
(-20, 1, 45, -33, 38, 8, 4, 3) ,5
(18, -8, 4, 6, -15, -3, -6, -9) ,5
(25, 14, -2, 15, 4, 3, -1, 1) ,5
(-17, -15, -24, -25, -20, -4, 0, -2) ,5
(10, 3, 15, -20, 37, 3, -5, -5) ,5
(-7, -7, 5, 22, 3, -4, -1, 3) ,5
(28, -3, -2, 38, -15, -8, -2, -4) ,5
(-28, -10, -12, -7, 36, 8, 0, 0) ,5
(-4, -14, 5, -34, -67, -16, -2, 1) ,5
(7, 11, 6, 45, 53, 15, 2, -2) ,5
(-34, -1, 43, -59, 3, 0, 1, 0) ,5
(-16, -8, -21, -3, -18, -4, -5, -7) ,5
(-14, -11, -12, 17, 19, 5, -1, -3) ,5
(7, 11, 69, 35, -10, -7, -3, -2) ,5
(-26, -10, -67, -45, 11, 6, 0, -2) ,5
(43, 1, 26, 41, -9, -7, -4, 2) ,5
(19, 9, -29, 30, 8, 6, -1, -2) ,5
(-38, -11, -5, -86, -34, -8, -1, -1) ,5
(0, 9, 6, 15, 13, -4, 1, -1) ,5
(16, 4, 12, 42, -7, 2, 1, 5) ,5
(1, -12, -33, 41, 2, -2, -3, -5) ,5
(-27, -17, -32, -54, 6, -7, -4, -5) ,5
(55, 9, 48, -44, 9, 14, 5, 3) ,5
(22, -5, 14, 3, -12, -8, -4, -6) ,5
(7, -3, -1, 20, 26, 1, 2, 3) ,5
(23, 8, 8, 14, 7, 5, 4, 2) ,5
(-71, -10, -1, -27, -19, -6, -1, -4) ,5
(0, 5, -28, -45, -32, -11, -5, -2) ,5
(13, -22, -37, -32, -2, 0, 1, 3) ,5
(34, 3, 24, 27, -15, -9, -4, -1) ,5
(-17, -2, 20, 50, 30, 14, 0, -2) ,5
(-27, -1, 6, -36, 32, 4, 1, -1) ,5
(34, -9, 8, 32, -33, -15, -6, 0) ,5
(-16, 14, 0, -15, 20, 11, 3, 1) ,5
(5, 16, -16, -23, -23, -4, -1, 3) ,5
(-7, -5, -3, 23, 12, -5, -7, -4) ,5
(-52, 1, 6, -15, -17, -7, -2, -9) ,5
(4, -15, -23, 25, 10, 1, 0, 3) ,5
(-2, -8, -6, 3, 20, -2, -1, -6) ,5
(-27, -12, -7, 5, -4, 1, -2, -6) ,5
(-37, -1, -11, -9, -5, -2, 0, 5) ,5
(-12, -9, -4, 8, 12, 0, -7, -11) ,5
(36, 48, 15, 41, -7, 0, 5, 3) ,5
(-10, 4, 14, 18, -14, -7, -5, -2) ,5
(52, 4, 3, -68, -17, -5, -2, -1) ,5
(10, 21, -9, 22, 4, 11, 5, 4) ,5
(-16, -38, -57, -118, -27, -8, -8, -10) ,5
(51, 26, 71, 114, 8, -8, -3, 4) ,5
(-31, 2, 14, 17, -7, 3, 3, 1) ,5
(0, -3, -38, 33, 15, -2, -4, -3) ,5
(-4, -1, 39, -21, 8, 7, 2, -3) ,5
(4, 7, 20, 21, 12, 4, 0, 4) ,5
(10, -4, -39, -9, 8, -4, 0, 3) ,5
(7, 15, 8, -20, 2, -6, -1, -1) ,5
(55, -17, -34, -1, 6, 5, -2, -2) ,5
(-23, 9, 36, 10, -13, -1, -2, -4) ,5
(-27, 7, 37, -23, 10, -1, 0, 2) ,5
(0, -24, -56, -3, -6, 4, -1, -7) ,5
(-39, 10, 27, 5, -20, 2, 2, 3) ,5
(-5, -15, -40, -6, -5, -6, -3, -1) ,5
(-35, -2, 18, 45, -4, 1, 0, -4) ,5
(23, 9, 27, -5, 8, -7, -6, -5) ,5
(-29, -26, -38, -9, -16, -3, -4, -6) ,5
(22, 30, 11, -76, -10, 5, 4, 7) ,5
(-9, -3, 16, 12, 15, -2, -1, 0) ,5
(44, 6, -64, 30, -16, -4, -3, 2) ,5
(-59, -11, 40, 18, 2, -2, 0, -7) ,5
(16, -19, -71, -37, -14, -6, -6, -5) ,5
(-23, 0, -29, -20, -13, -2, -2, -2) ,5
(-8, -9, 40, -3, 51, 11, 2, 6) ,5
(-19, 8, -23, -5, -20, -8, -2, -4) ,5
(-30, 2, 3, -15, -3, -5, 0, -2) ,5
(22, -2, 30, -7, -29, -4, -4, -4) ,5
(2, -18, -27, -8, 10, 0, 2, -5) ,5
(42, 17, 12, 33, 11, -2, -1, 3) ,5
(2, -17, -11, 13, -1, -1, -1, -3) ,5
(-8, -3, 16, 64, 17, -2, -3, -3) ,5
(-29, -9, 5, -103, -51, -5, 1, 3) ,5
(-25, 13, 8, 25, 8, -8, -6, -3) ,5
(3, -14, -20, 2, 7, 4, 2, -1) ,5
(9, -14, -20, 36, 5, 0, -2, -1) ,5
(-41, 7, 9, 7, -23, -1, 1, -2) ,5
(35, 4, -32, -35, 28, 6, 3, 11) ,5
(-19, -1, 89, 20, -14, -2, 0, -1) ,5
(-5, -15, -84, -1, 2, 0, 0, 4) ,5
(28, 14, 37, 47, -16, -6, -3, 1) ,5
(-9, 6, 22, -47, 35, 11, -3, -6) ,5
(-1, 6, -2, 20, 2, 3, 0, 2) ,5
(10, -21, -60, -15, -12, -4, -2, 1) ,5
(-26, -4, 32, -26, 7, -4, 0, -4) ,5
(50, -8, -33, -3, -29, -5, -1, -1) ,5
(-25, -19, -2, 38, 23, 1, -3, -7) ,5
(8, 8, 27, -41, -10, -5, -1, -6) ,5
(-11, -3, 12, -51, 2, 3, -3, 3) ,5
(1, 10, 15, 35, -14, -5, -4, -5) ,5
(-9, 0, -8, 12, 29, 9, 5, 3) ,5
(-25, 14, 21, 79, 4, -4, -8, -12) ,5
(14, -7, -22, -73, -2, -1, 1, 9) ,5
(5, 6, 16, -18, -37, -6, -1, 0) ,5
(-18, -3, -34, -1, 1, 0, -4, -5) ,5
(1, 13, 41, 9, 17, 0, 1, 1) ,5
(9, -2, -17, -24, 19, 8, 2, -3) ,5
(-17, -1, 9, 2, -21, -10, -5, -5) ,5
(31, -1, 12, 34, 7, -8, -2, -1) ,5
(-9, 6, 36, -40, 27, 17, 4, 0) ,5
(-19, -20, -19, 4, -22, -10, -4, -12) ,5
(57, 28, -2, 26, 20, 14, 8, 9) ,5
(-117, -26, 35, -27, -10, 0, -4, -15) ,5
(38, -23, -62, 11, 2, -1, -4, -5) ,5
(22, 2, -7, 68, -1, -6, -2, -4) ,5
(3, 6, 1, -52, -23, -7, -4, -1) ,5
(14, 0, -26, -43, 22, 5, -1, 2) ,5
(-12, 4, -9, 0, -10, -4, -4, 0) ,5
(17, 14, 35, -1, -37, -3, -2, -2) ,5
(9, 5, -7, 6, -25, -6, 0, 3) ,5
(-48, -18, 14, 104, 44, 5, -2, -2) ,5
(-2, -14, -25, -21, -42, -15, -10, -11) ,5
(32, 5, 14, -1, -8, 2, 4, 3) ,5
(20, -3, 11, 66, -9, 0, 0, 2) ,5
(-12, -6, 8, -64, 5, -4, 1, 0) ,5
(-2, -20, -43, -14, 4, -2, -3, -2) ,5
(6, 24, 42, -13, 23, 9, 2, 1) ,5
(30, 7, 25, 1, -7, -15, -6, -1) ,5
(9, 6, 12, 2, 25, 15, 3, 2) ,5
(-31, -25, -5, 23, 8, 7, 3, 2) ,5
(20, 3, -16, -82, -42, -17, -3, -3) ,5
(4, 0, 19, 49, 37, 14, 1, -2) ,5
(7, 9, -29, 9, -5, -5, 0, 5) ,5
(-37, 18, -16, 45, 27, 0, -3, -9) ,5
(-26, -16, -9, -28, -4, -5, -7, -7) ,5
(15, 8, 9, -43, -22, -3, 2, 8) ,5
(-9, -22, 3, -4, -7, -4, -1, -1) ,5
(-15, 5, 7, 10, -14, -4, -2, -3) ,5
(-12, -19, 19, 10, -8, 1, -2, -4) ,5
(15, 15, -28, -23, -16, -5, -2, 1) ,5
(12, 5, 26, 23, 4, 1, 1, 1) ,5
(-34, -4, -6, 1, 10, 4, 3, 0) ,5
(-18, -11, -11, -25, 12, -5, -10, -10) ,5
(5, -12, -30, -56, -10, -2, 2, 2) ,5
(-13, -5, -3, 0, -2, -6, -4, -4) ,5
(15, 15, -13, -60, -4, -1, 1, 4) ,5
(4, 7, 22, 49, 6, 1, 2, -4) ,5
(47, 18, 11, 46, 20, 4, 2, 5) ,5
(-65, -35, -17, -76, -24, -2, 0, -3) ,5
(-1, 19, 23, 31, -4, -1, 1, 2) ,5
(12, -1, 27, -22, -17, -6, -1, 3) ,5
(-11, 18, -7, 18, -38, -5, -3, -4) ,5
(44, 1, -18, -1, 53, 19, 6, 3) ,5
(-61, -27, -10, 45, -17, -6, -4, -10) ,5
(18, 20, 15, -48, 23, 13, 5, 3) ,5
(0, -27, -51, -5, -20, -7, 0, 1) ,5
(-3, -14, 4, 48, -18, -6, -8, -9) ,5
(-2, -12, -6, -119, -20, -12, -9, -9) ,5
(23, 9, -3, 66, 10, -1, -2, -4) ,5
(-7, -4, -1, -7, 10, 5, 4, 3) ,5
(-36, -10, -13, -16, -25, -5, -3, -5) ,5
(-39, -1, 0, 16, 18, 6, -3, -6) ,5
(-9, 4, 7, 40, 50, -1, -1, 1) ,5
(26, -7, -12, -16, 11, 1, -2, 1) ,5
(-29, 4, -4, 81, 24, 2, -1, 1) ,5
(74, -9, 23, -49, -29, -2, -1, 3) ,5
(-6, 6, -6, 1, -43, -2, 0, -2) ,5
(-47, -18, -9, -21, 46, 0, -3, -10) ,5
(-7, -5, 38, -20, -26, -8, -1, -1) ,5
(-2, -6, -4, 17, -9, -4, 0, -3) ,5
(-40, -16, -2, -21, 1, 5, 2, 3) ,5
(46, 62, -4, -2, -3, -1, -2, 5) ,5
(14, -6, -73, -13, -11, -9, -2, 1) ,5
(-6, 10, 42, 48, -9, -7, 0, -2) ,5
(-18, -12, -37, 17, -8, 1, -3, -7) ,5
(7, -12, 23, -47, 23, 1, 0, 0) ,5
(7, 10, 25, 30, -19, -4, -3, -1) ,5
(19, 13, -28, -43, 9, 1, -1, 4) ,5
(-37, -28, 11, -12, 4, 3, -1, -1) ,5
(-13, 7, 10, 10, 13, 10, 6, 3) ,5
(-10, -11, 40, 98, -2, 7, 4, 0) ,5
(9, -16, -10, 4, 6, -8, -4, -3) ,5
(75, 5, -81, -50, -23, -4, -2, -3) ,5
(-67, -17, 9, 17, 15, -3, -4, -11) ,5
(-4, 4, 34, 24, 11, -2, 1, 1) ,5
(-9, -8, -86, -60, 21, 10, 1, -3) ,5
(45, 10, 23, 13, -4, -1, -1, 4) ,5
(9, -9, 1, 19, -22, -9, 0, 0) ,5
(-43, 6, 1, -37, 8, 8, 1, -3) ,5
(15, -1, 9, 54, 1, -7, -3, 0) ,5
(-53, -15, 20, -18, 10, 13, 1, -4) ,5
(-13, 28, -22, -41, -33, -11, -4, -6) ,5
(11, 12, 30, -9, -8, -2, 1, 1) ,5
(-65, -31, -23, -5, -19, -2, -3, -3) ,5
(38, 20, 29, -22, 21, 1, 0, 1) ,5
(-15, -5, 20, 65, -21, 0, -1, -5) ,5
(2, -12, 0, -85, 2, -4, -3, -2) ,5
(-3, 9, -2, 77, 22, 5, 2, -2) ,5
(-16, -15, -2, -32, 3, -8, -7, -9) ,5
(-16, -6, 23, 28, -13, -2, 3, 5) ,5
(-22, 2, -16, -66, 7, -3, -3, 0) ,5
(-14, -21, 4, -13, -32, -1, -1, -5) ,5
(7, -3, 30, 3, 14, -7, -3, 4) ,5
(-31, 25, -39, -8, 22, 10, 0, 1) ,5
(-12, -10, -12, -36, -37, -5, -2, -7) ,5
(40, 15, -12, 4, 19, 9, 1, -1) ,5
(59, 7, -40, 49, 0, -9, -3, 2) ,5
(-42, -42, 7, 18, -12, -2, 0, 5) ,5
(51, 26, -22, 0, 13, 2, 3, 9) ,5
(-45, -16, 17, -2, 0, -3, -7, -8) ,5
(17, 14, 1, 6, 0, -1, 1, 5) ,5
(-41, -18, 16, 24, 27, 2, 1, -2) ,5
(46, -12, -32, 35, -7, -2, -5, -6) ,5
(15, -15, 3, -50, -8, -5, -3, 4) ,5
(-11, 18, 14, 15, 2, 2, 0, -9) ,5
(23, -11, -33, -17, 21, -7, -3, -3) ,5
(-47, -9, -4, 50, 12, 11, 4, 4) ,5
(50, 7, 11, -36, -23, 0, -1, 7) ,5
(-6, 18, -6, -10, -30, -13, -9, -8) ,5
(13, -8, -26, -21, 1, 1, 0, -3) ,5
(-32, -2, 9, 22, -1, 0, 1, -5) ,5
(33, 16, 29, 2, 1, -1, -1, -1) ,5
(-7, 0, 9, 3, 16, 7, 4, 12) ,5
(4, 0, 11, -1, 5, 8, 0, 5) ,5
(-33, -4, -8, 35, -31, -14, -4, -6) ,5
(34, 4, -3, 76, 39, 5, -1, 3) ,5
(-14, 6, -27, -96, -33, -5, 0, -3) ,5
(-17, -1, 25, -42, 12, 6, -1, -3) ,5
(39, -5, -30, -21, -3, -1, -2, -2) ,5
(-4, -15, -24, -11, -10, -3, -1, -1) ,5
(-30, -9, 17, 28, 2, -6, -5, -4) ,5
(26, -5, -26, 47, -9, -6, -5, -3) ,5
(14, 9, 43, -83, -17, 2, 2, 5) ,5
(-59, -3, 35, 8, 15, -4, -2, -5) ,5
(19, -4, -56, 7, 5, -1, 1, 0) ,5
(29, 9, 1, -11, 10, 6, 2, 2) ,5
(-25, -14, 41, 64, 13, -1, -4, -10) ,5
(-39, 12, -16, -87, -1, 2, 2, 3) ,5
(0, -31, -59, 59, -7, -2, -4, -12) ,5
(37, 25, -7, -22, 19, -5, -1, 2) ,5
(13, -7, -7, 19, 44, 21, 6, 6) ,5
(41, -2, -8, -1, -29, -12, -7, -5) ,5
(-64, -11, 42, 0, 5, 1, -2, -6) ,5
(-25, -9, 32, -19, -43, -14, -6, -7) ,5
(6, -13, -53, 10, 3, -10, -5, -5) ,5
(22, 14, -8, 39, -3, -6, -1, -1) ,5
(14, 1, 13, -54, 14, 17, 5, 3) ,5
(-7, 11, 28, -14, 4, 1, -2, -2) ,5
(7, 9, 13, 13, -16, -7, 0, 0) ,5
(0, -17, -11, 15, -15, -1, -1, -7) ,5
(8, 1, -2, 11, -18, -11, -5, 4) ,5
(-14, -9, 12, -28, 13, 2, -1, -4) ,5
(-27, -14, 2, -34, -19, 6, -2, -6) ,5
(-23, 11, -19, 69, 11, 0, 3, 6) ,5
(-29, -4, 34, -16, 17, -3, -5, -7) ,5
(-4, -8, -31, 21, -21, -8, -4, -4) ,5
(40, 13, 24, 12, 6, 0, 0, 3) ,5
(24, 20, 52, 8, 21, 2, -2, -2) ,5
(-41, -8, -37, -18, -22, -3, 2, -3) ,5
(18, 4, -15, -36, 9, -6, -6, -3) ,5
(23, 0, -27, 10, -29, -4, -1, -1) ,5
(-5, -3, -17, -77, -13, -7, -4, -4) ,5
(0, 4, -4, 33, 4, -3, 0, 1) ,5
(-40, -7, 7, 0, -4, 7, 4, -4) ,5
(59, 1, -5, -48, -15, -14, -4, 6) ,5
(-18, 7, -18, 25, -2, 8, 0, 0) ,5
(27, 9, 56, 27, 6, -1, -3, -6) ,5
(-18, -21, -61, -61, -36, -10, -1, 4) ,5
(9, 3, -35, 39, 7, 0, -1, -6) ,5
(-53, -19, -2, -20, 24, 7, 2, -1) ,5
(75, 2, -35, 9, 12, 6, 2, 5) ,5
(-35, 0, 41, 29, -35, -8, -2, -4) ,5
(-27, -24, -1, -3, 72, 10, -2, -3) ,5
(25, 14, -1, -14, -21, -4, -2, -1) ,5
(-20, 5, 12, 1, -3, 4, 2, 1) ,5
(40, -13, 3, 23, 13, 2, -1, 1) ,5
(-24, 2, 30, -3, -22, -12, -6, -5) ,5
(-15, -11, -48, -59, -17, -6, -1, -5) ,5
(3, -4, 36, 1, 14, 16, 4, 3) ,5
(-4, 7, 13, 24, -11, -7, -3, -5) ,5
(3, -7, -33, 9, -22, -9, -5, 2) ,5
(-10, -7, 55, 25, 26, 11, 3, 5) ,5
(33, 15, -91, -19, -22, -12, -2, 4) ,5
(-31, -17, -15, 2, 11, 2, -6, -6) ,5
(57, 7, 25, 75, 21, 8, 3, 3) ,5
(-23, -7, -9, -18, 6, -7, -1, 0) ,5
(-5, 18, 20, -8, -18, -5, 0, 2) ,5
(67, -6, 11, -23, 12, 4, -2, -11) ,5
(6, 16, 4, 5, 6, 4, 5, 8) ,5
(-3, -10, -20, 18, -32, -10, -3, -1) ,5
(-24, 18, 64, 29, -4, -3, 0, -4) ,5
(-40, -1, -40, -69, 7, 8, -1, -5) ,5
(-14, 8, 20, -10, -8, -5, 0, 0) ,5
(36, 15, 66, 16, 8, -1, -1, 0) ,5
(22, -16, -47, -26, 5, -2, -6, -8) ,5
(-24, 3, 24, 65, -36, -11, 1, 9) ,5
(-33, 6, -29, -43, 48, 13, 4, -1) ,5
(-35, 0, 13, -5, -2, 2, 1, 7) ,5
(27, 2, 2, -16, -2, -4, -3, -4) ,5
(-11, -3, -13, 86, 2, -1, 1, 5) ,5
(41, 14, -10, 9, 6, 2, -1, -5) ,5
(-6, -4, 8, 3, 8, 5, 2, 4) ,5
(2, -7, 28, -55, 3, 4, 1, 4) ,5
(26, 3, -24, 58, -2, -4, -4, -5) ,5
(-30, -17, -25, -39, -39, -4, -1, -1) ,5
(-17, -7, 45, 1, 9, -3, -4, -6) ,5
(21, -29, 17, 48, 16, 3, -1, 2) ,5
(12, 8, -41, 12, -26, -10, -4, -13) ,5
(-22, 10, -25, 7, 53, 12, 4, 5) ,5
(9, -7, -11, 51, -7, 1, 1, 6) ,5
(-37, -4, 30, -44, -59, -15, -8, -10) ,5
(-8, -29, -40, -17, 42, 8, 4, -2) ,5
(14, 5, -11, 42, -14, -6, -2, 6) ,5
(3, -14, 15, -22, 26, 11, 2, -1) ,5
(-11, 21, 32, 22, -4, 0, 1, 2) ,5
(41, 10, -18, -51, -26, -10, -9, -5) ,5
(-25, -31, 6, 53, 2, -10, -3, -7) ,5
(9, 23, 4, -41, 21, 5, 1, 5) ,5
(42, -29, -12, 20, -32, -9, -8, -8) ,5
(-14, 3, 1, 10, 4, -2, -1, 3) ,5
(48, -4, 12, -95, -2, 0, 1, -1) ,5
(19, -4, -13, 9, -13, -3, 1, 5) ,5
(-48, -8, 53, 23, 17, 3, 1, -7) ,5
(3, -2, -46, 1, -43, -12, -1, 0) ,5
(-9, -12, 28, 39, 50, 5, -2, -5) ,5
(13, 2, 4, -46, 1, 1, 1, 2) ,5
(16, 15, 25, -2, -20, -6, -3, -1) ,5
(-78, -28, -21, 58, 26, 10, -1, -2) ,5
(3, 19, -5, -18, -26, -4, 1, 7) ,5
(-39, -17, 1, -17, 12, -1, -4, -7) ,5
(-6, 19, -13, 4, 0, -1, 2, 4) ,5
(31, 11, 49, 2, -8, 2, 0, 0) ,5
(-35, 0, 13, 55, 7, -2, -1, -5) ,5
(78, 2, -28, -50, 0, -2, -4, -1) ,5
(24, 14, -31, -21, -7, -1, 0, 4) ,5
(-45, -9, 58, -26, -4, -7, -3, -7) ,5
(-2, 11, -38, 21, -15, 6, 5, 3) ,5
(-53, -13, 1, 40, 19, 0, -2, -9) ,5
(22, 5, -47, -32, -6, -1, 0, 1) ,5
(67, -9, 1, -68, 5, 7, 1, 2) ,5
(-54, 10, 12, 33, -20, -7, -4, -3) ,5
(34, 32, 40, -33, -14, -5, -1, -3) ,5
(-49, -33, -95, 18, 7, 0, 0, 0) ,5
(-1, 19, 40, 99, -15, -8, -3, 0) ,5
(-45, -15, 11, -73, 19, 13, 0, -2) ,5
(-22, 20, -5, 58, -8, 3, 3, 1) ,5
(-2, 12, 13, 8, -7, -2, 0, 1) ,5
(58, 8, 15, -55, 3, -6, 0, 5) ,5
(1, -22, -28, 33, 19, 3, -1, 0) ,5
(10, 3, 8, 11, -34, -8, -5, -10) ,5
(-41, -36, -47, -76, 13, 7, 0, -1) ,5
(-27, 4, -25, -6, -2, 2, 1, 1) ,5
(41, -10, 14, 55, -17, -12, -4, -4) ,5
(12, 6, 4, -7, 42, 15, 3, -2) ,5
(-2, -18, 27, 29, -6, -5, 0, 0) ,5
(-51, -13, -3, -1, -17, -5, -3, -10) ,5
(53, -17, -20, -29, 5, -1, -5, -3) ,5
(16, 4, -30, -68, -15, -5, 0, 4) ,5
(-15, 6, 75, 41, 5, 2, -2, -4) ,5
(13, -18, -30, 60, 34, -1, 0, 4) ,5
(-63, -22, 24, -83, -23, -7, -8, -11) ,5
(-16, 5, 4, 43, -10, -11, 0, 2) ,5
(15, 3, -7, -51, 16, 14, 2, -3) ,5
(15, -5, -32, -64, -13, -4, 1, 10) ,5
(42, 15, -32, 57, 8, -1, 2, 2) ,5
(10, -1, -57, -1, 6, -2, -3, -3) ,5
(9, -6, 12, -24, -19, -9, -3, -1) ,5
(-27, 7, 20, 23, 9, -2, 0, -2) ,5
(0, 4, 19, -26, 37, 14, 2, 5) ,5
(-27, -1, -8, 13, 19, 6, -1, -6) ,5
(-15, -18, -10, 20, -29, -10, -2, -3) ,5
(-15, 3, 31, -5, 2, 4, -1, -5) ,5
(-19, 5, -45, -46, -37, -15, -4, 0) ,5
(32, 17, 41, -27, 8, 3, 1, 9) ,5
(-18, 0, 34, 47, 13, 7, 0, -2) ,5
(-7, -16, -25, -62, -34, -9, -4, -5) ,5
(13, 16, 20, -1, -23, -5, 0, -4) ,5
(60, -4, 4, 11, 27, -4, -3, 3) ,5
(18, -39, -41, 5, 28, 8, -1, -1) ,5
(24, 18, 7, 22, -1, -3, 0, 1) ,5
(17, -15, 39, 27, -12, -3, -1, -7) ,5
(-23, 10, 0, -38, -36, -5, 6, 8) ,5
(-7, 14, 10, -6, 23, 3, -2, -6) ,5
(29, -2, 18, 47, 2, 2, -1, 2) ,5
(-4, -14, -11, -23, -30, -5, -1, 1) ,5
(-36, -22, 15, 14, -3, -11, -7, -8) ,5
(-1, 30, -8, 5, 0, 6, 1, -2) ,5
(-40, -6, -32, -35, 7, 2, 2, 2) ,5
(38, 11, 10, 40, -10, -2, -3, 3) ,5
(-43, -10, -16, -31, -2, -2, -4, -7) ,5
(39, -8, 8, 40, 28, 0, -3, 8) ,5
(-63, 8, -15, -7, -14, -3, 0, -10) ,5
(9, 10, 35, -48, 10, -7, -1, 4) ,5
(15, 7, 24, 6, -3, 9, 2, -3) ,5
(-8, 3, -10, -42, 9, -2, -1, 4) ,5
(15, 19, 11, 39, -34, -7, -1, 6) ,5
(-17, 14, -16, -45, 61, 16, 4, -2) ,5
(-10, -17, -9, 26, -20, -3, 0, 1) ,5
(29, -7, -35, -14, 20, -8, -6, -1) ,5
(11, 4, 14, -34, -16, 5, 2, 1) ,5
(6, -2, 20, 85, 6, 0, -2, -5) ,5
(31, 3, 27, -21, -1, -3, -2, 2) ,5
(-83, -5, -24, 9, -40, -4, 0, -5) ,5
(-6, -3, -19, -4, 31, 4, -1, -6) ,5
(-16, 7, 34, 41, -3, -4, 2, 3) ,5
(31, -6, 0, 15, 31, 7, 1, 4) ,5
(-10, 5, -32, 11, -22, -8, -4, -9) ,5
(4, -4, 25, -30, 7, -2, -2, -1) ,5
(-22, 5, -63, 9, -7, 0, 0, -2) ,5
(-13, -12, 11, 29, -18, -4, -4, 1) ,5
(9, 11, 60, -32, 32, 16, 5, 2) ,5
(-29, 0, -45, -17, -14, -9, -5, -9) ,5
(26, 22, 26, 33, 58, 14, 3, 5) ,5
(-59, -17, -78, 8, -13, -7, -3, -7) ,5
(36, -4, 17, -16, -20, -8, -5, -3) ,5
(6, -12, 8, 53, -13, -1, -1, -1) ,5
(-11, 8, -2, -44, -25, -11, -5, -5) ,5
(4, 1, 5, 21, 8, -2, -5, -10) ,5
(-46, 5, -12, -44, 23, 13, 6, 1) ,5
(50, -27, -45, -17, -12, -5, -2, 0) ,5
(56, 38, 19, -15, -18, -11, -6, 2) ,5
(-21, -1, 7, 14, -2, 3, 3, 6) ,5
(15, -2, 40, 37, -37, -13, -3, -7) ,5
(-35, -15, -26, 24, 27, 2, -3, -5) ,5
(9, -29, -4, -92, -13, -7, -4, -5) ,5
(12, 7, -14, -1, 5, 14, 6, 4) ,5
(14, 11, 27, 9, -28, -12, -3, 10) ,5
(-29, 11, -6, -30, 2, 5, 2, 2) ,5
(-20, -14, 19, 61, 26, 0, -2, -5) ,5
(-10, 9, 13, -29, -20, -9, -2, -1) ,5
(23, -24, -53, -77, -5, 1, -1, -3) ,5
(-6, 23, 71, 48, -16, -7, -4, -2) ,5
(-39, 1, -24, -16, 11, 7, 1, 0) ,5
(8, -28, 4, 2, -16, -10, -5, -5) ,5
(-5, 31, 11, 28, -18, -3, 1, 0) ,5
(-22, -27, -11, -35, 18, -1, -2, 1) ,5
(49, 8, 15, 6, -15, -3, -1, 2) ,5
(-11, -1, -26, 41, -10, -1, 0, -2) ,5
(-17, 1, 39, -41, 7, -4, -3, -5) ,5
(19, -10, 14, 62, 12, -1, -3, -8) ,5
(4, 11, 3, 0, -18, 4, 2, 9) ,5
(9, -8, -13, -7, 23, 6, 4, 6) ,5
(24, -9, -29, 19, 2, -2, 2, -1) ,5
(29, 13, 22, -31, 1, 7, -1, 3) ,5
(-19, -4, -5, 46, -4, -5, -1, -3) ,5
(14, -1, -4, -67, 1, -5, -6, -7) ,5
(8, 0, -16, 27, 18, 5, 2, 0) ,5
(37, -4, -14, -1, 0, 2, 1, 3) ,5
(14, -4, 19, 43, -28, -8, -3, -2) ,5
(-18, 8, -35, -11, -16, -3, -3, -1) ,5
(-7, 4, 45, 2, 33, 3, -1, 0) ,5
(-25, -4, 15, 30, -8, 2, -2, -2) ,5
(-55, 2, -34, 2, -7, 3, 2, 4) ,5
(18, -8, 27, -3, 22, -3, -2, -5) ,5
(4, -11, -26, -30, -19, -13, -6, -4) ,5
(1, 7, -37, -26, -16, -1, 1, -1) ,5
(24, 10, 14, -15, 4, 0, 2, 2) ,5
(-81, -25, 25, 3, 24, 8, -2, -1) ,5
(-19, 3, -16, -2, 4, -4, -3, -6) ,5
(21, 4, 21, 34, -1, -4, 0, 2) ,5
(-14, -21, -30, -13, -36, -6, -2, -4) ,5
(98, 31, 10, 28, 17, -4, -2, 2) ,5
(-17, 1, 6, 24, 35, 8, 2, 2) ,5
(-33, -5, 3, -18, -12, -2, 1, -4) ,5
(-6, -19, 5, 7, 27, 8, -2, -7) ,5
(-39, 1, -15, -43, -44, -11, -3, -4) ,5
(33, 21, 29, 5, -20, -4, 2, 10) ,5
(11, 6, -49, 16, 28, 6, 2, 2) ,5
(37, -19, -34, -8, -2, 1, -2, 4) ,5
(18, 8, 25, 10, 6, 3, 3, -1) ,5
(-57, -12, 33, 6, -21, -2, -3, -8) ,5
(-3, -12, -53, -109, -14, -10, -5, -6) ,5
(-19, -13, -23, 51, -10, -4, -6, -5) ,5
(-26, -4, 14, 16, -18, -7, -1, -1) ,5
(-4, -13, -30, -5, 42, 7, 2, 1) ,5
(41, 16, 28, 37, 7, 4, 2, 3) ,5
(9, -3, 12, -125, -32, -10, -2, 3) ,5
(2, -4, -19, 78, 21, 8, 3, 3) ,5
(-47, -6, 3, -13, -50, -9, -3, -7) ,5
(-1, 2, 30, 11, 34, 7, 2, 5) ,5
(-33, -10, 19, -4, -7, -5, -1, -2) ,5
(29, 30, -9, 35, -7, -12, -3, 0) ,5
(32, -17, -5, 23, -9, 3, -2, 0) ,5
(-1, 5, 16, -65, -4, -5, -2, -1) ,5
(25, -21, -24, 77, -3, -6, -4, -2) ,5
(-20, -1, -7, -115, 7, 3, -1, -5) ,5
(-20, -18, 9, 41, 0, -5, -5, -6) ,5
(38, 3, 8, -5, -29, -8, -2, 4) ,5
(8, 3, -25, 13, 18, -1, -1, 0) ,5
(-41, -27, -22, 18, -10, -7, -2, -5) ,5
(79, 35, -4, -75, 16, 10, 2, 8) ,5
(-25, -8, 31, 46, -18, -8, -2, -4) ,5
(-8, -4, 14, 4, -20, -4, -2, 1) ,5
(-1, -4, -23, -44, 38, 8, 2, 3) ,5
(15, -13, -19, -22, -23, -5, -2, 0) ,5
(-1, 7, 15, 32, 5, -1, -2, -1) ,5
(-36, 5, 1, -37, 10, 5, 3, -2) ,5
(47, 12, 28, 29, -1, -1, -3, -1) ,5
(-37, 3, -22, 34, -16, -6, -2, -5) ,5
(-8, -12, -56, -43, 10, 4, -1, -3) ,5
(-10, 3, 5, -6, 13, -1, -1, -4) ,5
(-23, -2, 14, 18, -26, 2, 3, 4) ,5
(42, 1, 13, 42, 18, 0, 0, 5) ,5
